generation_num,generation_time,training_fitness_min,training_fitness_lq,training_fitness_med,training_fitness_uq,training_fitness_max,training_fitness_std,training_fitness_mean,errors_min,errors_lq,errors_med,errors_uq,errors_max,errors_std,errors_mean,bounds_min,bounds_lq,bounds_med,bounds_uq,bounds_max,bounds_std,bounds_mean,size_min,size_lq,size_med,size_uq,size_max,size_std,size_mean,test_mse,test_rmse,test_r2,test_mae,best_candidate_size,best_candidate_solution
1,2.7469778769991535,6441051.597746567,9263940.917383447,9315178.076984536,9340928.558426244,10838369.020755567,527235.1405707095,9185819.48006709,4289987.439068341,6183973.574902839,6216538.634167874,6225604.433664032,7207597.202819785,352809.3522906937,6125916.202073641,0.48957055214723927,0.49708588957055216,0.5000920245398773,0.5021165644171779,0.5123312883435582,0.004083548031132229,0.4995288343558283,3.0,3.0,3.0,3.0,7.0,1.502531197679436,3.68,6353617.788882198,2520.638369318812,-0.3266000670950975,701.309,3,"subtract(ARG183, ARG170)"
2,2.790225950999229,6364222.306276533,9138078.455053125,9290126.33020568,9335143.093366746,471103383190.84937,46641848681.8709,4686568986.605314,4244029.930544838,6100052.435424105,6208792.421290474,6224447.971030446,313991868907.869,31086938708.23859,3123589691.797052,0.4906134969325153,0.49711656441717794,0.49987730061349694,0.5015950920245399,0.5093865030674847,0.003461225374868772,0.49958452286946486,1.0,3.0,3.0,5.0,13.0,1.920485838606627,4.069306930693069,6107933.3622148875,2471.4233474285397,-0.2753025248552432,897.29,3,"add(ARG183, ARG597)"
3,2.764774205001231,6279870.643772157,8307261.942867322,9248157.10934313,9320409.287024748,3092613456.570047,387665485.6241306,63600281.68184451,4170206.611809914,5526195.554370377,6167345.153427787,6216410.373083758,2059383909.718595,258752880.39667168,42456687.15519497,0.490920245398773,0.4977147239263804,0.5002760736196319,0.503159509202454,0.5093865030674847,0.0038828325063085547,0.5001300613496933,1.0,3.0,3.0,7.0,9.0,1.8893385085791272,4.48,6140262.133838028,2477.9552324120036,-0.28205259261654403,830.0,5,"subtract(ARG183, subtract(ARG41, ARG181))"
4,2.7591588659997797,6269892.848811384,6456197.348757956,8950009.719056174,9324246.463074045,16534816645.629614,1644333905.036861,173930013.13722634,4165109.381429789,4305114.186370399,5961708.701330003,6219090.302912416,11036301188.475603,1097525292.9876113,116081892.12606129,0.49134969325153377,0.4975920245398773,0.5009509202453988,0.5035429447852761,0.5096319018404908,0.003986107220517003,0.5006803680981595,1.0,3.0,3.0,5.5,13.0,2.1296948138172285,4.62,6130897.219304732,2476.064865730446,-0.2800972505325505,836.518,7,"subtract(ARG170, subtract(subtract(ARG41, ARG183), ARG181))"
5,2.748944812001355,6212840.328907481,6447490.577137382,9188956.258669596,9333038.29422515,145897535872.88977,14515072476.183653,1484778828.2579224,4165109.381429789,4296588.027402238,6136215.961441417,6219228.4177715145,97265023915.25984,9676713618.085722,989783754.975539,0.4896932515337423,0.497239263803681,0.49990797546012267,0.5025306748466258,0.5089570552147239,0.003909431353274489,0.49976625766871163,1.0,3.0,3.0,5.0,13.0,2.099142682144308,4.44,6130897.219304732,2476.064865730446,-0.2800972505325505,836.518,7,"subtract(ARG170, subtract(subtract(ARG41, ARG183), ARG181))"
6,2.7386855039985676,6247744.761916408,6427427.633895362,7890033.440985755,9318933.010324193,17535171.392048635,2378293.0252219723,8241302.239007057,4165109.381429789,4292599.525388586,5254973.863897018,6223450.283731892,11676742.12314702,1583058.1825431287,5494172.906097377,0.49122699386503066,0.4976687116564417,0.49984662576687117,0.5023619631901841,0.5078527607361963,0.003566895435306097,0.49988466257668707,3.0,3.0,3.0,5.0,11.0,1.7780888616714294,4.28,6130897.219304732,2476.064865730446,-0.2800972505325505,836.518,7,"subtract(ARG170, subtract(subtract(ARG41, ARG183), ARG181))"
7,2.7699367309996887,6214230.386427647,6434523.297989866,6645782.092202058,9288150.923942138,470184724166.8136,46552191816.32879,4662806219.372433,4165109.381429789,4291668.564118448,4435056.217109255,6199707.619175137,313366766321.26025,31025911815.483334,3107648309.529982,0.4901840490797546,0.49803680981595094,0.4992638036809816,0.5028834355828221,0.5109815950920246,0.00409575360786305,0.500154285367187,3.0,3.0,3.0,5.0,11.0,2.1006905283763704,4.623762376237623,6130897.219304732,2476.064865730446,-0.2800972505325505,836.518,7,"subtract(ARG170, subtract(subtract(ARG41, ARG183), ARG181))"
8,2.7537902830008534,6227118.322484867,6418448.340757046,6459342.439683608,8443919.633231902,428573030757.5065,42641749784.135864,4292977627.8603806,4165109.381429789,4283181.709030782,4301200.354388183,5632277.315341154,285202106693.368,28376765670.848618,2856853334.565887,0.48822085889570555,0.49717791411042944,0.5001533742331288,0.5024386503067484,0.5104907975460122,0.003991929643304077,0.49978036809815946,3.0,3.0,5.0,5.0,11.0,2.184582339945098,4.74,6130897.219304732,2476.064865730446,-0.2800972505325505,836.518,7,"subtract(ARG170, subtract(subtract(ARG41, ARG183), ARG181))"
9,2.776356375999967,6210719.521795869,6395574.650372572,6464912.291539211,9248086.7154809,17476968.86501961,2425477.7372235535,7841096.082519933,4165109.381429789,4270866.79385473,4302034.482706527,6142529.377871263,11682828.271981694,1618324.2903344312,5227059.41291807,0.4885889570552147,0.4976687116564417,0.5,0.5038036809815951,0.5075460122699387,0.003966875721521122,0.500100224746401,3.0,3.0,5.0,5.0,11.0,2.0508198776039435,4.821782178217822,6130897.219304732,2476.064865730446,-0.2800972505325505,836.518,7,"subtract(ARG170, subtract(subtract(ARG41, ARG183), ARG181))"
10,2.802757579000172,6220240.213287761,6393797.759056205,6525665.460130668,8316953.053445003,14083925.738888316,1265642.323200829,7238374.785379934,4147983.371323372,4268206.4848082075,4353951.819747211,5536432.929572021,9390051.92833277,843064.7564678275,4824806.138546711,0.49073619631901844,0.4979601226993865,0.5004601226993866,0.5025613496932515,0.5094478527607362,0.0038554113425315795,0.5002171779141104,3.0,3.0,5.0,7.0,15.0,2.719632328091428,5.94,6130897.219304732,2476.064865730446,-0.2800972505325505,836.518,7,"subtract(ARG170, subtract(subtract(ARG41, ARG183), ARG181))"
11,2.7492630050001026,6214956.464732229,6406295.492741986,7447660.453758667,8747205.90107293,23098593.11292259,2498472.677443325,8043520.040403499,4147983.371323372,4270303.6135869175,4958119.877564294,5817079.383743953,15472469.291552488,1667535.0250062277,5361692.211970124,0.4893251533742331,0.4973159509202454,0.5001840490797546,0.5033282208588957,0.5116564417177915,0.004297620410718624,0.5002,3.0,5.0,6.0,7.0,15.0,2.755285829092873,6.22,6130897.219304732,2476.064865730446,-0.2800972505325505,836.518,7,"subtract(ARG170, subtract(subtract(ARG41, ARG183), ARG181))"
12,2.766826237000714,6204716.625944636,6405672.7523677815,6898100.58147759,8454403.201485083,255479080759.56088,25419051746.303696,2562710489.3331957,4133352.055467757,4270537.623171878,4602797.162655512,5639183.040503393,170403020557.36322,16954355972.055744,1709309418.3542383,0.49134969325153377,0.4976840490797546,0.5,0.5032668711656442,0.5103680981595092,0.003747834834813079,0.5002294478527608,1.0,3.0,5.0,9.0,15.0,2.901310048926174,6.32,6130515.117930983,2475.987705529045,-0.280017469890262,733.11506996,11,"subtract(add(ARG502, ARG183), multiply(ARG619, subtract(division(ARG170, ARG183), ARG183)))"
13,2.8035786759992334,6190899.207496308,6358368.888572166,6879988.397954242,8690449.878778698,6252725349313.649,619080933701.0111,61916012360.80871,4133352.055467757,4237352.830603308,4567045.851625092,5795766.663560933,4157261510597.6704,411609527841.98047,41166232216.21478,0.4915337423312883,0.49760736196319016,0.5003067484662577,0.5028834355828221,0.5088343558282209,0.0038386617935253775,0.5000807872198263,1.0,5.0,7.0,9.0,15.0,2.9385764989218304,6.603960396039604,6130515.117930983,2475.987705529045,-0.280017469890262,733.11506996,11,"subtract(add(ARG502, ARG183), multiply(ARG619, subtract(division(ARG170, ARG183), ARG183)))"
14,2.8051121509997756,6195305.520133373,6278933.486300314,6480891.031511785,8427256.61088597,256978794489.88666,25442536614.611748,2553460346.8386707,4133352.055467757,4180947.5567059135,4320063.9518113155,5617252.096075952,171179172463.63516,16947826899.165636,1700924850.9295826,0.4888957055214724,0.49668711656441716,0.49883435582822083,0.5015950920245399,0.5104294478527608,0.003753813051335841,0.4992765595577963,3.0,5.0,7.0,11.0,19.0,3.3849224844105508,7.514851485148514,6130515.117930983,2475.987705529045,-0.280017469890262,733.11506996,11,"subtract(add(ARG502, ARG183), multiply(ARG619, subtract(division(ARG170, ARG183), ARG183)))"
15,2.8167054210007336,6070778.907717116,6263151.007032322,6668043.594634019,9006962.909789272,930596172046.0933,95287013671.1462,11748982570.475775,4066311.740118718,4170172.7150198873,4433509.875589303,6012511.07500881,620905346064.3193,63578793674.513985,7839892814.197624,0.48754601226993866,0.4970552147239264,0.5001840490797546,0.5025766871165644,0.51,0.004147593165220962,0.4999131385531191,3.0,5.0,7.0,11.0,19.0,3.8022895913716606,7.910891089108911,5962412.083169156,2441.805087055303,-0.24491849091419682,874.352,11,"subtract(ARG183, multiply(ARG619, subtract(subtract(subtract(ARG41, ARG183), ARG181), ARG183)))"
16,2.7892725100009557,6112345.0204056585,6263511.371643199,6774531.986685852,9143882.33691786,256930946210.01868,25562263022.532654,2609277662.6305294,4066311.740118718,4170102.473647001,4515800.819949052,6114013.635210966,171028481366.57428,17015758443.94145,1736915523.176492,0.4899386503067485,0.4971472392638037,0.5005521472392638,0.5026687116564418,0.5106134969325153,0.004375143212358441,0.5001766871165646,3.0,5.0,7.0,11.0,21.0,4.342303536143,8.38,5962412.083169156,2441.805087055303,-0.24491849091419682,874.352,11,"subtract(ARG183, multiply(ARG619, subtract(subtract(subtract(ARG41, ARG183), ARG181), ARG183)))"
17,2.8252371510006924,6083002.789635265,6242060.92407147,6454905.095031064,7197496.198785785,6207662748302.857,615146271339.3568,66536227697.656204,4066311.740118718,4162656.0045430227,4292560.607441816,4796957.437143079,4130501808275.9756,409313280396.5072,44280748799.872475,0.49355828220858894,0.4973006134969325,0.49987730061349694,0.502638036809816,0.5089570552147239,0.003747879803446294,0.5001056915507501,3.0,5.0,9.0,11.0,21.0,4.538672610336339,9.336633663366337,5962412.083169156,2441.805087055303,-0.24491849091419682,874.352,11,"subtract(ARG183, multiply(ARG619, subtract(subtract(subtract(ARG41, ARG183), ARG181), ARG183)))"
18,2.8064424139993207,6109589.479593114,6253916.206413305,6459802.09180497,8391243.696439119,6183961662628.889,646929623218.1373,85066580057.45544,4066311.740118718,4170339.3286167816,4294261.848705561,5612524.325282498,4133630309651.461,432287050583.00055,56805373160.07728,0.48920245398773005,0.4963496932515337,0.4997546012269939,0.5023619631901841,0.5095092024539877,0.004368090361542632,0.49957607361963186,1.0,5.0,9.0,13.0,21.0,4.686832619157633,9.44,5962412.083169156,2441.805087055303,-0.24491849091419682,874.352,11,"subtract(ARG183, multiply(ARG619, subtract(subtract(subtract(ARG41, ARG183), ARG181), ARG183)))"
19,2.814836108000236,6066524.206008124,6236852.035559348,6423701.570784,7027627.610641563,229787626569.42834,22862893367.21587,2304710050.490486,4066311.740118718,4168886.7789282873,4289325.74450236,4697772.618228751,152536685525.62338,15176750474.846495,1529925102.9289398,0.48773006134969327,0.4972085889570552,0.4995092024539878,0.5017791411042944,0.5076073619631902,0.0040472853432336545,0.49925153374233133,3.0,7.0,11.0,13.0,21.0,4.161297874461765,10.06,5962412.083169156,2441.805087055303,-0.24491849091419682,874.352,11,"subtract(ARG183, multiply(ARG619, subtract(subtract(subtract(ARG41, ARG183), ARG181), ARG183)))"
20,2.849278088999199,6089488.931061221,6231143.130976804,6440927.705398129,7564417.70781697,6230913797479.331,616907946302.9878,61853670064.045364,4066311.740118718,4148131.775884832,4292560.607441816,5053985.493411206,4151056316627.0117,410986167852.9988,41207650106.16103,0.4911042944785276,0.498159509202454,0.5007361963190184,0.5031901840490798,0.5095092024539878,0.003563634763457962,0.5006475126040211,3.0,9.0,11.0,13.0,25.0,4.71711266007693,11.07920792079208,5962412.083169156,2441.805087055303,-0.24491849091419682,874.352,11,"subtract(ARG183, multiply(ARG619, subtract(subtract(subtract(ARG41, ARG183), ARG181), ARG183)))"
21,2.898768781000399,6068877.146160016,6224203.628955834,6424133.06230069,7653868.719773198,12350829133062.26,1405312454805.423,193623308130.193,4062533.7775116325,4148007.7525154967,4291434.768455748,5107394.132799517,8211384544149.5625,934786996029.04,128827647230.52936,0.4884049079754601,0.49717791411042944,0.5002453987730061,0.5038650306748467,0.5085889570552147,0.0044235067141876715,0.4999271092753448,1.0,9.0,11.0,15.0,27.0,5.2544322181846175,12.069306930693068,5323004.275189974,2307.1636862585137,-0.11141369582712213,845.281768956221,19,"subtract(add(ARG181, ARG183), division(subtract(subtract(add(subtract(ARG203, ARG183), ARG181), ARG183), multiply(ARG619, ARG181)), multiply(ARG556, ARG228)))"
22,2.8638298719997692,6088435.3728166865,6204585.33661333,6310622.968934555,6807769.959221874,124998555132.05283,12441732365.55311,1312902509.1881444,4062533.7775116325,4123123.791512258,4202382.877085618,4517068.044669281,83084306514.39307,8269795097.601055,872678995.2141137,0.49300613496932516,0.4977147239263804,0.5016257668711657,0.5044938650306748,0.5095092024539877,0.003917676847029664,0.5011858895705522,3.0,9.0,13.0,17.0,31.0,6.008127828200728,13.68,5991405.369309163,2447.7347424321047,-0.25097212785250056,850.86405,9,"subtract(ARG183, multiply(ARG619, subtract(subtract(ARG614, ARG183), ARG183)))"
23,2.866052953999315,6069874.086964313,6193486.3201529775,6378558.877641188,7883859.281829255,24981970966412.453,2821467797677.8394,437555476190.3867,4062533.7775116325,4129215.3874193258,4251533.000475498,5250012.339863353,16629482041594.436,1878212336109.7651,291375141615.5061,0.4907361963190184,0.4981288343558282,0.5006441717791411,0.5026687116564418,0.5085889570552147,0.0036947502716930362,0.5002815950920244,3.0,9.0,13.0,19.0,35.0,7.4404300950953095,13.8,5991405.369309163,2447.7347424321047,-0.25097212785250056,850.86405,9,"subtract(ARG183, multiply(ARG619, subtract(subtract(ARG614, ARG183), ARG183)))"
24,2.908939859000384,6075858.213459659,6174041.403497944,6295978.2651139125,7744677.822818838,849722722410.1475,84129354351.05733,8429451773.804782,4062533.7775116325,4116869.4979348117,4192652.9024905595,5159952.9332494205,569299205692.1947,56365185994.10773,5647526657.249037,0.49079754601226994,0.49760736196319016,0.5004907975460122,0.5038036809815951,0.5132515337423312,0.0044220044213810995,0.5005175241450526,3.0,9.0,13.0,19.0,37.0,7.389562023511515,14.643564356435643,5991405.369309163,2447.7347424321047,-0.25097212785250056,850.86405,9,"subtract(ARG183, multiply(ARG619, subtract(subtract(ARG614, ARG183), ARG183)))"
25,2.892577676999281,6050373.813060772,6172189.1250276435,6264583.124743545,6767545.72415707,2350339825719.0737,232705638932.71844,23283518025.66101,4030944.705014738,4115037.346399166,4171225.691393256,4515945.277920344,1562802445917.4717,154732068140.23846,15481818449.621962,0.48895705521472393,0.49754601226993866,0.49987730061349694,0.5026993865030674,0.5104294478527607,0.004013634685250117,0.5002271760918422,3.0,9.0,11.0,19.0,39.0,7.708949294525558,13.673267326732674,4946915.434757981,2224.1662336160894,-0.03288843706449596,866.0779616467921,31,"subtract(add(ARG181, ARG183), division(subtract(subtract(add(subtract(subtract(subtract(add(subtract(ARG203, ARG183), ARG181), ARG183), multiply(ARG619, ARG181)), ARG183), ARG181), add(ARG181, ARG181)), multiply(ARG619, ARG181)), multiply(ARG556, ARG228)))"
26,2.888800913000523,6049597.6217680555,6200965.534344414,6302786.968116112,6876790.530653808,25033926788320.816,2487536093366.458,274405569213.60968,4030592.325151004,4126544.927174786,4209055.235739979,4565666.8017456345,16727597222662.512,1662178478021.6738,183372635365.46872,0.49141104294478527,0.4965644171779141,0.4995705521472393,0.5023926380368098,0.5110429447852761,0.0040805243203443035,0.49980926927048525,1.0,7.0,11.0,19.0,37.0,8.410132017799016,13.772277227722773,4868971.924697479,2206.57470408266,-0.016614265543378748,924.4450885791362,29,"subtract(add(ARG181, ARG183), division(subtract(subtract(add(subtract(subtract(subtract(add(subtract(ARG203, ARG183), ARG181), ARG183), multiply(ARG619, ARG181)), ARG183), ARG181), ARG183), multiply(ARG619, ARG181)), multiply(ARG556, ARG228)))"
27,2.8656382779990963,6033332.98633034,6171907.971018933,6355066.062069162,7367725.330826997,24845154620751.0,2746751015262.846,431854954538.4035,4030592.325151004,4119121.520595975,4220229.8590312805,4906408.701897822,16576996329031.57,1832351010500.3657,288032702068.18243,0.49116564417177916,0.49797546012269944,0.5007055214723927,0.5034662576687117,0.5095705521472392,0.003800399286882139,0.5006447852760737,3.0,7.0,11.0,19.0,37.0,8.238931969618392,14.0,5212844.549454336,2283.1654669459103,-0.08841295760081702,882.1857636034852,23,"subtract(ARG183, subtract(division(subtract(subtract(ARG502, ARG183), subtract(ARG183, multiply(subtract(subtract(ARG41, ARG183), ARG181), multiply(ARG619, ARG556)))), multiply(ARG556, ARG228)), ARG181))"
28,2.9020736629991006,6028697.625348428,6133907.13610003,6382592.665119361,6995060.074485004,24853290569869.54,2883742606598.3335,483898186211.5084,4030592.325151004,4078550.4926314224,4261087.4557240065,4661919.052549834,16576996329031.57,1922680750359.8271,322490832173.9475,0.4903680981595092,0.4979141104294479,0.49984662576687117,0.5025613496932515,0.5111656441717791,0.003750943725580797,0.5001496932515338,3.0,9.0,14.0,23.0,37.0,9.775806872069436,16.56,5846424.180907822,2417.9380018742877,-0.22070086183500504,999.4357600013625,17,"subtract(ARG183, subtract(division(subtract(subtract(ARG307, subtract(ARG41, ARG181)), add(ARG502, ARG183)), multiply(ARG619, ARG228)), ARG54))"
29,2.9271835929994268,6031084.62980978,6160547.396615559,6256489.304263101,6476531.707776554,29844665635567.047,2969475916472.6855,298758126208.70056,4030592.325151004,4107208.114166312,4172599.0635436624,4305759.710294778,19907842930911.066,1980784819626.8513,199286018500.1117,0.49263803680981594,0.49740797546012266,0.49978527607361967,0.5023312883435583,0.5082208588957056,0.0034352138276865073,0.4999656441717791,3.0,10.5,17.0,29.0,49.0,10.855763446206812,18.82,5846424.180907822,2417.9380018742877,-0.22070086183500504,999.4357600013625,17,"subtract(ARG183, subtract(division(subtract(subtract(ARG307, subtract(ARG41, ARG181)), add(ARG502, ARG183)), multiply(ARG619, ARG228)), ARG54))"
30,2.9435716749994754,6020666.376243966,6114271.36827931,6243137.542836,6464825.207811128,25036707537349.293,2491065122433.999,250999584075.7991,4030592.325151004,4073879.6175139146,4170075.0895137023,4297917.184723715,16631279356866.635,1654754206996.4412,166734435459.56854,0.4903680981595092,0.49677914110429444,0.4991104294478528,0.5020245398773007,0.5086503067484662,0.0041019157320285864,0.49928957055214723,3.0,11.0,19.0,29.5,49.0,11.499895651700497,20.18,5846424.180907822,2417.9380018742877,-0.22070086183500504,999.4357600013625,17,"subtract(ARG183, subtract(division(subtract(subtract(ARG307, subtract(ARG41, ARG181)), add(ARG502, ARG183)), multiply(ARG619, ARG228)), ARG54))"
31,3.0369169429995964,5987301.718808515,6075971.419327445,6198754.910871677,6429631.457306644,24904025597692.29,2467797221689.4355,259420889473.56476,4026446.8197284755,4053989.667816494,4136145.3953689705,4292057.930481661,16602004713197.184,1645126904032.5579,172930744203.94962,0.4869938650306749,0.4973006134969325,0.4997546012269939,0.5025766871165644,0.5147239263803681,0.0038642131022311546,0.4998888416449006,3.0,15.0,23.0,33.0,49.0,11.427201032574798,24.287128712871286,5741214.630401446,2396.083185200682,-0.19873369267273144,1083.8045826281202,19,"subtract(ARG183, subtract(division(subtract(subtract(ARG307, subtract(multiply(ARG619, ARG183), ARG181)), add(ARG502, ARG183)), multiply(ARG619, ARG228)), ARG54))"
32,3.068589960999816,6026106.439504906,6076725.874061994,6166444.321686946,6287354.820243131,6234120772855.041,617214323077.2781,62070003899.325005,4023159.850537885,4046522.347119515,4117517.2268116977,4173986.2163468027,4157270735897.278,411594084415.39954,41391193897.77736,0.4879754601226994,0.4982208588957055,0.5001840490797546,0.5031288343558282,0.5085276073619632,0.0033669187972205704,0.5002034866063294,3.0,17.0,27.0,35.0,55.0,11.992907095688809,26.247524752475247,5741214.630401446,2396.083185200682,-0.19873369267273144,1083.8045826281202,19,"subtract(ARG183, subtract(division(subtract(subtract(ARG307, subtract(multiply(ARG619, ARG183), ARG181)), add(ARG502, ARG183)), multiply(ARG619, ARG228)), ARG54))"
33,3.0244556130001,6026829.149394346,6085405.460701183,6208161.755838815,6378892.266100917,402688102856.94775,44236357495.21559,6589194527.216554,4023028.9649009397,4055244.889284816,4134214.9711502944,4263016.523285762,268359952433.38846,29496278531.167465,4394771332.911639,0.4854601226993865,0.4980521472392638,0.5005828220858896,0.5032208588957056,0.5079141104294479,0.00404264645091219,0.5003085889570552,3.0,15.0,27.0,35.0,57.0,12.336531116971251,25.7,5741214.630401446,2396.083185200682,-0.19873369267273144,1083.8045826281202,19,"subtract(ARG183, subtract(division(subtract(subtract(ARG307, subtract(multiply(ARG619, ARG183), ARG181)), add(ARG502, ARG183)), multiply(ARG619, ARG228)), ARG54))"
34,3.0407566049998422,6009608.044544833,6070031.773584004,6181309.972483005,6285184.71896367,25489537.096698225,2211487.885038699,6671214.829671058,3998157.2907351884,4046522.347119515,4124246.9321110514,4183514.2996937367,16894903.004073724,1464963.4230711036,4444853.837168916,0.4895092024539877,0.4974233128834356,0.5004294478527608,0.5024539877300613,0.5115337423312883,0.0041823253080241415,0.5005964890967625,3.0,17.0,27.0,33.0,55.0,11.224631561472949,25.514851485148515,5617879.719151904,2370.20668279201,-0.17298204896745384,816.3475871921178,29,"subtract(add(ARG181, ARG183), division(subtract(subtract(add(subtract(subtract(subtract(add(subtract(ARG203, ARG183), ARG228), ARG183), multiply(ARG619, ARG181)), ARG183), ARG181), ARG183), multiply(ARG619, ARG181)), multiply(ARG228, ARG228)))"
35,3.030885504998878,6006288.210471821,6063451.918627936,6214999.474718864,6430240.893745563,159977994403.78726,15838720268.2536,1590798000.441427,4007388.7713173283,4040099.137793928,4147946.3489281554,4290807.623651889,106966991089.578,10590334535.902712,1063649920.4893746,0.4895092024539877,0.49791411042944783,0.5003680981595092,0.5031901840490798,0.5102453987730061,0.003937958830354536,0.500471967442143,1.0,17.0,25.0,31.0,57.0,11.427750051007894,24.386138613861387,4868971.924697479,2206.57470408266,-0.016614265543378748,924.4450885791362,29,"subtract(add(ARG181, ARG183), division(subtract(subtract(add(subtract(subtract(subtract(add(subtract(ARG203, ARG183), ARG181), ARG183), multiply(ARG619, ARG181)), ARG183), ARG181), ARG183), multiply(ARG619, ARG181)), multiply(ARG556, ARG228)))"
36,3.0089324599994143,5998780.548753396,6055993.137339598,6237217.708726013,6447238.329742389,631679751.0321717,61916500.109557346,12940412.29724502,4007388.7713173283,4038497.883027359,4157569.3584207837,4297484.287340175,419387395.292428,41105985.85655875,8611782.92447258,0.48822085889570555,0.4965644171779141,0.4997546012269939,0.5022699386503068,0.5088957055214723,0.003978131454457287,0.49935734677762256,3.0,17.0,25.0,29.0,53.0,9.575112333461782,22.980198019801982,4892182.424390939,2211.827846915519,-0.021460488824945,840.6869797636384,29,"subtract(ARG183, division(subtract(subtract(add(subtract(subtract(subtract(add(subtract(ARG203, ARG183), ARG181), ARG183), multiply(ARG619, ARG181)), ARG183), division(ARG41, ARG230)), ARG183), multiply(ARG619, ARG181)), multiply(ARG556, ARG228)))"
37,3.0474267059998965,5994102.849072434,6042778.453104656,6148437.771851931,6540865.972988756,10917661782.231382,1082458147.7074106,128626165.51184973,4002553.2860414647,4030592.325151004,4098511.2589825955,4361647.658309472,7266256463.614043,720434554.0198952,85629732.66807516,0.4887730061349693,0.49717791411042944,0.4998159509202454,0.5022699386503068,0.5095092024539877,0.003945895972403972,0.4995268177124461,3.0,19.0,27.0,31.0,53.0,10.145457158299331,24.980198019801982,4892182.424390939,2211.827846915519,-0.021460488824945,840.6869797636384,29,"subtract(ARG183, division(subtract(subtract(add(subtract(subtract(subtract(add(subtract(ARG203, ARG183), ARG181), ARG183), multiply(ARG619, ARG181)), ARG183), division(ARG41, ARG230)), ARG183), multiply(ARG619, ARG181)), multiply(ARG556, ARG228)))"
38,3.0160482589999447,5980834.08577297,6048293.567348685,6195134.24671993,6415305.124935968,637010727.8294747,87634378.49900194,20482209.003260393,3999491.1014604885,4031066.077570369,4134671.0909428135,4286721.848777641,426015462.34031254,58433633.11651002,13655359.0489957,0.48754601226993866,0.4974079754601227,0.49990797546012267,0.5031134969325153,0.5094478527607362,0.0040602745412095425,0.5000245398773007,5.0,19.0,29.0,31.0,47.0,8.986567754153974,26.04,5609899.756979064,2368.522695052565,-0.17131587723574682,1111.820645675568,17,"subtract(add(ARG181, ARG183), division(subtract(subtract(subtract(add(subtract(ARG203, ARG183), ARG181), ARG183), ARG183), ARG183), ARG228))"
39,3.0393159139985073,5989198.54326644,6058220.069788929,6188711.031492418,6433926.1518597985,925711597.4370449,125236055.03854041,26303847.068900485,3997376.801868928,4034420.8842462217,4117468.241151602,4292917.843122336,619548307.8720522,83704669.19751471,17565659.195033953,0.49214723926380366,0.49736196319018405,0.4996319018404908,0.5034049079754601,0.5105521472392638,0.0041031534815744964,0.5000865030674846,3.0,19.0,29.0,31.0,47.0,9.788891663513292,26.24,5631857.730980758,2373.153541383439,-0.1759005801171336,1078.3584874451972,25,"subtract(add(ARG181, ARG183), division(subtract(subtract(subtract(subtract(subtract(add(subtract(add(ARG181, ARG183), ARG183), ARG181), ARG183), multiply(ARG619, ARG556)), ARG183), ARG183), ARG183), ARG228))"
40,3.0164925329991092,5989515.120551107,6054273.420672892,6152586.883330246,6279905.295879063,64177052603.260864,6809735860.3334055,945554559.6558243,3985999.937328341,4034711.6156445825,4104782.6296216627,4171432.2371295365,42868861463.53381,4546634268.830757,630952098.899379,0.4896932515337423,0.49677914110429444,0.4996319018404908,0.5021625766871165,0.5126380368098159,0.003987326265539858,0.49961104294478526,1.0,17.0,28.0,31.0,55.0,9.256262744758276,25.04,5544160.199025001,2354.6040429390673,-0.15758982305835123,837.3062421884077,27,"subtract(add(ARG181, ARG183), division(subtract(subtract(add(subtract(subtract(subtract(add(subtract(ARG203, ARG183), ARG181), ARG183), ARG183), ARG183), ARG181), ARG183), multiply(ARG619, ARG181)), multiply(ARG228, ARG228)))"
41,3.0375405209997552,5883336.531369286,6029397.966937073,6104552.001372448,6261673.5250848085,86042920227.33574,8741692166.47284,1063984821.2398517,3916617.743978736,4028761.3378926283,4064943.9852143168,4170244.3961453657,57491272789.734474,5840569521.207725,710749973.2412523,0.4908588957055215,0.4970552147239264,0.4996319018404908,0.5024539877300613,0.5085889570552147,0.003862666654658539,0.49964101318107274,3.0,17.0,27.0,29.0,45.0,9.529094747209925,24.643564356435643,5619345.259006108,2370.5158212941983,-0.17328804554035426,937.8206456755679,15,"subtract(ARG183, division(subtract(subtract(subtract(add(subtract(ARG203, ARG183), ARG181), ARG183), ARG183), ARG183), ARG228))"
42,3.0010305699997843,5865818.18644698,6014352.230961416,6068673.604183582,6250074.337784075,22797148.273805663,1973341.6097460268,6557697.67074046,3907916.4703052137,4008002.6532178298,4041866.6516903685,4170615.1244187253,15286881.555991128,1323924.164369781,4372666.115821709,0.49098159509202455,0.4976687116564417,0.5,0.502638036809816,0.509079754601227,0.003983397882770581,0.49996503067484666,5.0,17.0,26.0,29.0,49.0,9.490437292348547,24.54,5588562.416395228,2364.014047419183,-0.1668607591611786,971.4958150657633,15,"subtract(ARG183, division(subtract(subtract(subtract(add(subtract(ARG203, ARG183), ARG228), ARG183), ARG183), ARG183), ARG228))"
43,3.027778710000348,5842794.28645929,5985875.7287795,6077683.591616365,6267537.673569737,484484981982.9783,47966123535.16188,4827323343.171196,3904896.271254751,3995433.0301724817,4049381.8915634053,4170995.901184147,322739188619.1731,31952586682.012867,3215696353.892698,0.4898159509202454,0.4974233128834356,0.5004294478527608,0.5031288343558282,0.5107975460122699,0.004080707598231006,0.5004057583672478,3.0,17.0,25.0,29.0,53.0,9.02188301302319,23.435643564356436,5588562.416395228,2364.014047419183,-0.1668607591611786,971.4958150657633,15,"subtract(ARG183, division(subtract(subtract(subtract(add(subtract(ARG203, ARG183), ARG228), ARG183), ARG183), ARG183), ARG228))"
44,2.993271838999135,5843626.869721063,5988877.198222602,6096410.468914278,6281481.550622762,160800900964.70062,16023023981.785707,1726506054.2109232,3904896.271254751,3996813.915467593,4054379.4896420795,4179793.0646154583,107667379466.17729,10728307102.017303,1155583244.5659685,0.4893251533742331,0.49760736196319016,0.49984662576687117,0.5025306748466258,0.5128834355828221,0.004071618761694774,0.5000312883435583,3.0,15.0,21.0,27.0,53.0,10.348410505966603,22.48,5587571.843926064,2363.8045274358165,-0.16665393313737287,972.4958150657633,17,"subtract(ARG183, division(subtract(subtract(subtract(add(subtract(ARG203, ARG183), subtract(ARG183, ARG183)), ARG183), ARG183), ARG183), ARG228))"
45,2.9876405610011716,5837420.258833825,5978006.006607828,6069111.15856922,6434627.354738241,8956657101.815914,913005235.5300293,129039308.24160133,3904896.271254751,3986152.5018493594,4049207.4629616216,4292560.607441816,5968907590.645545,608581626.8966775,86076481.60722104,0.49190184049079755,0.497239263803681,0.5003680981595092,0.5022699386503068,0.5090184049079755,0.00349914220488937,0.5000589200024298,3.0,15.0,21.0,27.0,57.0,10.049304977769456,20.96039603960396,5587571.843926064,2363.8045274358165,-0.16665393313737287,972.4958150657633,17,"subtract(ARG183, division(subtract(subtract(subtract(add(subtract(ARG203, ARG183), subtract(ARG183, ARG183)), ARG183), ARG183), ARG183), ARG228))"
46,2.921815579000395,5826680.190764298,5903979.7823905535,6045357.207409202,6392224.278915422,1019673021749.4243,101455450527.72441,10204036184.058517,3898912.03603771,3933615.676590713,4027026.1142275752,4257161.188623135,679531880065.2363,67612078892.99047,6800190081.489091,0.48865030674846627,0.49768404907975455,0.5001226993865031,0.5033282208588957,0.5121472392638037,0.004330588761521453,0.500239263803681,1.0,15.0,18.0,23.0,39.0,6.80761338502709,18.58,5549215.122314645,2355.677210976632,-0.15864526293497327,1009.6081458748506,23,"subtract(ARG183, division(subtract(subtract(subtract(add(subtract(ARG203, ARG183), multiply(ARG228, ARG228)), ARG183), add(multiply(ARG619, ARG181), ARG183)), add(ARG181, ARG183)), ARG228))"
47,2.9465651939990494,5825296.997834869,5891470.405059821,6138313.88782043,6474072.578472084,257855373272.93768,25529477163.681763,2560611839.613799,3898679.5756398425,3920186.1634700964,4085525.372457044,4305815.186596998,171029199770.04617,16933078992.629278,1698416670.981376,0.49079754601226994,0.49736196319018405,0.49993865030674844,0.502760736196319,0.5104907975460122,0.004084258418031005,0.5001463888720161,3.0,15.0,21.0,23.0,37.0,7.604991679241292,18.18811881188119,5514999.715977747,2348.403652692132,-0.15150127633545818,868.935684783087,21,"subtract(ARG183, division(subtract(add(subtract(subtract(division(subtract(subtract(ARG181, ARG183), ARG183), ARG228), ARG183), ARG183), subtract(ARG165, ARG400)), ARG183), ARG228))"
48,2.9162981450008374,5828036.304175386,5878928.4400309725,6169326.689198874,6451110.297182154,307336618.75003004,30091103.80202816,9999139.89640907,3889953.3908067276,3917643.6327086585,4104057.9752695444,4293833.961720431,204606554.71432322,20032263.139111586,6662876.502192438,0.49104294478527605,0.49734662576687116,0.5001226993865031,0.5028834355828221,0.5090184049079755,0.003707973582277544,0.5000312883435584,3.0,12.5,19.0,23.0,37.0,7.290651548387153,18.08,5514999.715977747,2348.403652692132,-0.15150127633545818,868.935684783087,21,"subtract(ARG183, division(subtract(add(subtract(subtract(division(subtract(subtract(ARG181, ARG183), ARG183), ARG228), ARG183), ARG183), subtract(ARG165, ARG400)), ARG183), ARG228))"
49,2.9378427770006965,5829932.83180052,5912172.361586011,6204632.024657176,6470354.704963384,3691379223376.4297,366112582513.6574,39916262870.53462,3889953.3908067276,3941356.717088448,4140170.6255450966,4305815.186596998,2461724954628.7456,244151859292.2911,26614622011.712868,0.49073619631901844,0.498159509202454,0.5009815950920246,0.5033128834355828,0.5085889570552147,0.0038004336378857106,0.5006086375508717,3.0,13.0,19.0,23.0,41.0,8.811102424148212,18.524752475247524,5514999.715977747,2348.403652692132,-0.15150127633545818,868.935684783087,21,"subtract(ARG183, division(subtract(add(subtract(subtract(division(subtract(subtract(ARG181, ARG183), ARG183), ARG228), ARG183), ARG183), subtract(ARG165, ARG400)), ARG183), ARG228))"
50,2.931204552000054,5778226.159403764,5873468.355162891,6041104.37207227,6447600.697856241,162946591895.3571,16131947616.427809,1630898199.9930818,3872582.804912682,3909266.352076448,4025427.244901398,4293872.817061448,108453632008.75134,10737064649.664598,1085516902.7984815,0.49098159509202455,0.49699386503067483,0.5000613496932516,0.5025766871165644,0.51,0.00377324716744439,0.4999914960821235,3.0,15.0,19.0,23.0,49.0,7.573681463896985,17.81188118811881,5403864.967210201,2324.621467510399,-0.1282969587213889,1030.7158760943664,25,"subtract(ARG183, division(subtract(add(subtract(subtract(division(subtract(subtract(ARG181, ARG183), ARG183), ARG228), ARG228), ARG183), subtract(add(subtract(ARG203, ARG183), ARG228), ARG183)), ARG183), ARG228))"
51,2.9473996680007986,5695291.664248869,5871701.161612462,6021782.439575895,6454115.053201473,1011031393.6921182,103526663.41274133,19609615.028218053,3817313.7928063064,3909266.352076448,4025251.7239231104,4292560.607441816,675097772.2003001,69117827.38548848,13083720.387535475,0.4911042944785276,0.49717791411042944,0.4995705521472393,0.5026993865030674,0.5093865030674847,0.004263666079497846,0.4999526210289741,3.0,15.0,19.0,23.0,37.0,7.603908828207979,18.22772277227723,5185775.540785905,2277.2297953403618,-0.08276109909925977,991.0301117612439,31,"subtract(ARG183, division(subtract(add(subtract(subtract(division(subtract(subtract(ARG181, ARG183), ARG183), ARG228), ARG183), ARG183), division(subtract(subtract(subtract(subtract(ARG352, ARG274), ARG183), ARG183), add(ARG183, ARG181)), ARG228)), ARG183), ARG228))"
52,2.9405366020000656,5716603.048000119,5870526.671299667,6033456.30492385,6427550.527811669,255203315377.47034,25266703484.763992,2536452328.921887,3817313.7928063064,3908869.378320591,4025427.244901398,4287863.485391455,171199853512.74863,16949845438.331001,1701513769.9160438,0.4861349693251534,0.49791411042944783,0.4995092024539877,0.5020858895705521,0.5091411042944786,0.003958929382541402,0.4997497418453502,3.0,13.0,19.0,23.0,37.0,7.0824129004805165,18.326732673267326,5185775.540785905,2277.2297953403618,-0.08276109909925977,991.0301117612439,31,"subtract(ARG183, division(subtract(add(subtract(subtract(division(subtract(subtract(ARG181, ARG183), ARG183), ARG228), ARG183), ARG183), division(subtract(subtract(subtract(subtract(ARG352, ARG274), ARG183), ARG183), add(ARG183, ARG181)), ARG228)), ARG183), ARG228))"
53,2.8972136759985005,5658309.787234725,5866350.531050414,6017783.02180969,6427395.945517312,2316834548401.3257,230521183182.7829,23177751869.362625,3775912.942435357,3908846.51280906,4014395.5254257005,4292358.690161072,1540335405593.7354,153260808112.9913,15409629604.66308,0.4874233128834356,0.49691717791411044,0.498680981595092,0.5022085889570552,0.5102453987730061,0.004111377054034279,0.49945398773006133,3.0,12.5,19.0,23.0,37.0,8.228219734547688,18.42,5259278.532466029,2293.3116954452635,-0.09810811507261086,1000.3186419729632,25,"subtract(ARG183, division(subtract(add(subtract(subtract(division(subtract(subtract(ARG203, ARG183), ARG183), ARG228), ARG183), ARG183), division(subtract(subtract(ARG181, ARG183), ARG183), ARG230)), ARG183), ARG228))"
54,2.952050182999301,5630511.655143177,5843935.078539244,5907095.563259641,6305602.999892756,64849557874.70679,6420106779.813978,648492552.7371455,3775912.942435357,3898711.0316821346,3948282.4986308482,4191734.457514353,43300335628.28612,4286734290.4497886,432994381.6262467,0.48871165644171777,0.49760736196319016,0.5004294478527608,0.5029447852760737,0.5101840490797546,0.00399518523188824,0.500233250318897,3.0,15.0,21.0,25.0,43.0,8.496549522532323,20.128712871287128,5259278.532466029,2293.3116954452635,-0.09810811507261086,1000.3186419729632,25,"subtract(ARG183, division(subtract(add(subtract(subtract(division(subtract(subtract(ARG203, ARG183), ARG183), ARG228), ARG183), ARG183), division(subtract(subtract(ARG181, ARG183), ARG183), ARG230)), ARG183), ARG228))"
55,2.9225806089998514,5680548.292907964,5826560.518924811,5904777.132352159,6093987.263278388,51523221.8938402,6106659.03030026,6951354.34619918,3775912.942435357,3880696.73866408,3945600.568441502,4067807.099080445,34315131.03169058,4073684.248029849,4634441.643951708,0.49030674846625766,0.49826687116564417,0.5001533742331288,0.5020705521472393,0.5085889570552147,0.0033936469394813826,0.5000901840490798,3.0,17.0,22.0,25.0,39.0,8.206607094286895,20.46,5259278.532466029,2293.3116954452635,-0.09810811507261086,1000.3186419729632,25,"subtract(ARG183, division(subtract(add(subtract(subtract(division(subtract(subtract(ARG203, ARG183), ARG183), ARG228), ARG183), ARG183), division(subtract(subtract(ARG181, ARG183), ARG183), ARG230)), ARG183), ARG228))"
56,2.957902315998581,5673135.457683551,5828755.391870232,5910934.352248605,6426437.81156121,28552623.96018194,2643539.2122504767,6522250.686289435,3775912.942435357,3885115.8657935634,3945739.6214373084,4292555.557740935,19016416.21929254,1761649.4346212589,4347804.156492041,0.48938650306748466,0.4979141104294479,0.5004907975460122,0.5025306748466258,0.5097546012269939,0.0038018729128386467,0.5001570552147239,3.0,15.0,23.0,29.0,43.0,9.402893171784948,22.16,5259278.532466029,2293.3116954452635,-0.09810811507261086,1000.3186419729632,25,"subtract(ARG183, division(subtract(add(subtract(subtract(division(subtract(subtract(ARG203, ARG183), ARG183), ARG228), ARG183), ARG183), division(subtract(subtract(ARG181, ARG183), ARG183), ARG230)), ARG183), ARG228))"
57,2.9606337109999004,5625621.511443216,5771851.943767619,5867292.032685957,6027408.203060234,31270094.908624254,2616327.656755388,6352489.932782599,3760719.789875095,3847930.2042036974,3909515.110057679,4013167.417619292,20899727.202336203,1748913.6276376687,4234789.016702387,0.4878527607361963,0.4975153374233129,0.5004601226993866,0.5026073619631902,0.5088343558282209,0.003768670210466302,0.5001895705521473,3.0,19.0,25.0,31.0,49.0,9.584070116604948,23.84,5166086.888736758,2272.9027451118004,-0.07865021802373873,1022.5823604729985,27,"subtract(ARG183, division(subtract(add(subtract(subtract(division(subtract(subtract(subtract(ARG203, ARG183), ARG183), ARG183), ARG228), ARG183), ARG183), division(subtract(subtract(ARG181, ARG183), ARG183), ARG230)), ARG183), ARG228))"
58,2.9756792909993237,5654603.369622519,5762556.229058789,5863172.201596484,6012503.455658883,30841978.874497004,2504481.0207026876,6221774.537206899,3760719.789875095,3841260.684780901,3907629.569575778,4007635.959297305,20480069.077862922,1661307.8382075273,4147527.321885553,0.49030674846625766,0.49745398773006133,0.5000306748466258,0.5021012269938651,0.5104907975460122,0.0038538383081410787,0.4998429447852761,3.0,19.0,27.0,31.0,45.0,8.917398723843181,24.6,5166086.888736758,2272.9027451118004,-0.07865021802373873,1022.5823604729985,27,"subtract(ARG183, division(subtract(add(subtract(subtract(division(subtract(subtract(subtract(ARG203, ARG183), ARG183), ARG183), ARG228), ARG183), ARG183), division(subtract(subtract(ARG181, ARG183), ARG183), ARG230)), ARG183), ARG228))"
59,3.0080959930000972,5608548.305035195,5749765.144268565,5866482.087991863,6094060.937653825,50255946.85231066,4426180.3091237545,6531898.847270654,3760719.789875095,3825774.292365027,3906391.8827902502,4056353.1893035457,33382449.720553555,2938847.5620082854,4353092.012405236,0.4904294478527607,0.49736196319018405,0.5000613496932516,0.5026993865030674,0.5117791411042945,0.003997835679078684,0.5001585373261254,3.0,19.0,27.0,31.0,47.0,9.573678911945423,24.524752475247524,5166086.888736758,2272.9027451118004,-0.07865021802373873,1022.5823604729985,27,"subtract(ARG183, division(subtract(add(subtract(subtract(division(subtract(subtract(subtract(ARG203, ARG183), ARG183), ARG183), ARG228), ARG183), ARG183), division(subtract(subtract(ARG181, ARG183), ARG183), ARG230)), ARG183), ARG228))"
60,2.9938834629992925,5628939.359290801,5731853.200155261,5814497.798839708,5989254.6531879725,20658941.650805783,1502608.9591036623,6069130.123700299,3735362.6005145977,3817313.7928063064,3871761.5449103275,3994793.4793106434,13790676.914904343,1003076.6172494851,4046279.7970167696,0.4919631901840491,0.49771472392638033,0.4997546012269939,0.5023773006134971,0.5085276073619632,0.00360773812779356,0.49994907975460123,5.0,21.0,27.0,31.0,47.0,8.410921471515472,25.42,5296944.514106824,2301.5091818428236,-0.10597256260977894,825.349403622799,33,"subtract(ARG183, division(subtract(add(subtract(subtract(division(subtract(subtract(ARG181, ARG183), ARG183), ARG228), ARG183), ARG183), division(subtract(subtract(subtract(subtract(ARG352, ARG274), ARG183), ARG183), add(ARG183, ARG181)), ARG228)), subtract(ARG446, ARG289)), ARG228))"
61,3.0183897390015773,5610016.710784597,5739533.654046718,5801046.3517295495,5989947.717119885,11006523.888088245,894975.8579247879,6086546.491960594,3735362.6005145977,3830896.328420679,3869439.1580602955,4012290.398787573,7366001.780909772,599070.1636563712,4060478.50812589,0.4904294478527607,0.4963803680981595,0.49898773006134967,0.5012576687116564,0.5092638036809816,0.0037839831839607094,0.4990496932515338,3.0,23.0,27.0,31.0,45.0,7.717408891590494,26.04,4987410.709460233,2233.251152347231,-0.04134362526153312,1199.5229710685312,33,"subtract(ARG183, division(subtract(add(subtract(subtract(division(subtract(subtract(subtract(ARG203, ARG183), ARG183), ARG183), ARG228), ARG183), ARG183), division(subtract(subtract(subtract(add(subtract(ARG203, ARG183), ARG228), ARG183), ARG183), ARG183), ARG230)), ARG183), ARG228))"
62,2.9867081819993473,5592588.601316823,5709097.254409907,5797499.299916618,6042856.681744195,15633008.385109756,1194511.5929283972,6091164.03285488,3735362.6005145977,3805975.433630557,3862047.058429702,4027527.7869239915,10466095.891784985,800566.4242079513,4060074.2497272897,0.49006134969325155,0.4973466257668712,0.5002760736196319,0.5030521472392638,0.5105521472392638,0.004317512460545366,0.5004085889570552,3.0,23.0,27.0,31.0,51.0,8.701149349367588,26.1,4987410.709460233,2233.251152347231,-0.04134362526153312,1199.5229710685312,33,"subtract(ARG183, division(subtract(add(subtract(subtract(division(subtract(subtract(subtract(ARG203, ARG183), ARG183), ARG183), ARG228), ARG183), ARG183), division(subtract(subtract(subtract(add(subtract(ARG203, ARG183), ARG228), ARG183), ARG183), ARG183), ARG230)), ARG183), ARG228))"
63,3.0150119959998847,5499989.560046885,5674638.437037272,5774868.007697018,5866366.098535069,17010871548.654087,1691969887.086255,175985463.99617708,3654999.585321438,3778589.3937331503,3838441.1208106214,3906614.7866701297,11343828754.369823,1128303109.7265787,117355710.36474839,0.4884049079754601,0.4982208588957055,0.4999693251533742,0.5026840490797546,0.5095092024539878,0.003963951568870113,0.500158282208589,5.0,24.5,29.0,33.0,39.0,7.254129858225589,27.76,5364681.699115586,2316.1782528802883,-0.12011571020904066,831.7629775462383,33,"subtract(ARG183, division(subtract(add(subtract(subtract(division(subtract(subtract(ARG181, ARG183), ARG183), ARG228), ARG183), ARG183), division(subtract(subtract(division(add(ARG609, ARG433), multiply(ARG617, ARG596)), ARG183), ARG183), ARG230)), subtract(ARG446, ARG289)), ARG228))"
64,3.0438611219997256,5468596.925571732,5645435.517985338,5741800.684366033,5947770.31395666,1749288163.2179768,172608721.22030628,23379651.94334058,3654999.585321438,3764413.851410625,3819395.9234650605,3983754.771428894,1167433551.4433763,115195309.94683902,15599676.223653246,0.48717791411042943,0.4970552147239264,0.49920245398773005,0.5019018404907976,0.50920245398773,0.003978057626642965,0.4996434428718946,3.0,25.0,31.0,33.0,51.0,8.91335499489244,28.722772277227723,5364681.699115586,2316.1782528802883,-0.12011571020904066,831.7629775462383,33,"subtract(ARG183, division(subtract(add(subtract(subtract(division(subtract(subtract(ARG181, ARG183), ARG183), ARG228), ARG183), ARG183), division(subtract(subtract(division(add(ARG609, ARG433), multiply(ARG617, ARG596)), ARG183), ARG183), ARG230)), subtract(ARG446, ARG289)), ARG228))"
65,3.053955641000357,5475772.384880339,5656706.26404634,5722334.862425336,5923857.568646669,10494111.062584031,881851.7012302931,6033334.473694542,3654999.585321438,3760321.836214541,3816722.808696247,3948669.1394278235,7002661.412376457,588816.76388339,4021050.1567327753,0.4895092024539877,0.498159509202454,0.5004294478527608,0.5033128834355828,0.5109815950920246,0.004138438695207706,0.5004847233189577,3.0,25.0,33.0,35.0,63.0,10.542764687972236,29.831683168316832,5364681.699115586,2316.1782528802883,-0.12011571020904066,831.7629775462383,33,"subtract(ARG183, division(subtract(add(subtract(subtract(division(subtract(subtract(ARG181, ARG183), ARG183), ARG228), ARG183), ARG183), division(subtract(subtract(division(add(ARG609, ARG433), multiply(ARG617, ARG596)), ARG183), ARG183), ARG230)), subtract(ARG446, ARG289)), ARG228))"
66,3.0145068149995495,5456021.196110187,5623906.6930980375,5692734.412279216,5850635.226361276,23307260.91671801,1861800.2604485643,6081650.965653027,3641219.5175481513,3753790.1848659865,3790938.8797307564,3909162.7208614433,15513428.598248338,1237996.6053051045,4055324.2201333093,0.48711656441717793,0.49673312883435583,0.49941717791411044,0.5024693251533743,0.5079141104294479,0.004556755063771232,0.4995226993865031,3.0,25.0,31.0,35.0,47.0,9.656893910569796,28.38,5460016.667448338,2336.6678556115626,-0.14002112151786128,826.5419478817389,27,"subtract(ARG183, division(subtract(add(subtract(subtract(division(subtract(ARG183, ARG183), ARG228), ARG183), ARG183), division(subtract(subtract(subtract(ARG181, ARG183), ARG183), ARG183), ARG230)), subtract(ARG446, ARG289)), ARG228))"
67,3.0269254519989772,5470094.62123936,5603712.277098389,5676814.370768519,5858119.778012499,29183265.96029001,2576566.6215851908,6164450.360262765,3641219.5175481513,3736718.3056548154,3794167.856713158,3908078.194396901,19376262.12434734,1709824.9663605567,4109254.5607101065,0.49049079754601227,0.4970398773006135,0.49987730061349694,0.5028987730061351,0.5110429447852761,0.004155089812515447,0.49983251533742323,3.0,26.5,32.0,35.0,45.0,9.028488245548088,29.08,5460016.667448338,2336.6678556115626,-0.14002112151786128,826.5419478817389,27,"subtract(ARG183, division(subtract(add(subtract(subtract(division(subtract(ARG183, ARG183), ARG228), ARG183), ARG183), division(subtract(subtract(subtract(ARG181, ARG183), ARG183), ARG183), ARG230)), subtract(ARG446, ARG289)), ARG228))"
68,3.045310067000173,5448897.760390073,5574027.104273151,5669779.987949783,5853107.2060509175,12917312.554459283,994235.0586466795,5895292.274213929,3631410.31541247,3722791.386587786,3783222.7147486876,3900848.485945912,8597827.37709528,660930.2778271671,3930010.9643954495,0.4885889570552147,0.4968711656441718,0.5007361963190184,0.5030061349693251,0.5084049079754601,0.0040830687688200515,0.5000133632995202,3.0,27.0,31.0,33.0,61.0,8.953035650990401,29.03960396039604,5433201.615207062,2330.9229106101,-0.13442228770625197,833.6355351359493,31,"subtract(ARG183, division(subtract(add(subtract(subtract(division(subtract(ARG183, ARG183), ARG228), ARG183), ARG183), division(subtract(subtract(subtract(add(add(ARG230, ARG23), ARG228), ARG183), ARG183), ARG183), ARG230)), subtract(ARG446, ARG289)), ARG228))"
69,3.0523971210004675,5418193.899074739,5527007.326684747,5692517.337659108,5888885.807531715,31710855.353556864,3205267.6976451445,6288871.386960286,3631410.31541247,3686934.6675717602,3801737.813567931,3918711.519198488,21118976.190519996,2131214.92017757,4192553.9093412473,0.48865030674846627,0.4961963190184049,0.4997546012269939,0.5028220858895706,0.5102453987730061,0.0044605669383062695,0.4997418453501791,3.0,27.0,31.0,35.0,61.0,9.169108021375695,29.871287128712872,5432193.796614979,2330.70671613032,-0.13421186078787217,834.0519821244759,29,"subtract(ARG183, division(subtract(add(subtract(subtract(division(subtract(ARG183, ARG183), ARG228), ARG183), ARG183), division(subtract(subtract(subtract(add(ARG228, ARG228), ARG183), ARG183), ARG183), ARG230)), subtract(ARG446, ARG289)), ARG228))"
70,3.0233573069999693,5423250.382534311,5494777.57180063,5666269.2719758665,6027645.770444217,12176071.562642157,928941.6327998631,5947984.418502133,3610037.2130236155,3657887.2650898458,3775884.8965680366,4010013.6568802195,8142023.567076927,619049.3954159983,3963868.83540875,0.4895092024539877,0.4981901840490797,0.5004294478527608,0.5034969325153374,0.5092638036809816,0.003969211318192065,0.5005208588957055,3.0,27.0,31.0,35.0,65.0,10.067770358922578,29.8,5250509.8320037685,2291.399099241284,-0.09627725917159546,924.5165593066956,33,"subtract(ARG183, division(subtract(add(subtract(subtract(division(subtract(subtract(ARG181, ARG183), ARG183), ARG228), ARG183), ARG183), division(subtract(subtract(subtract(add(add(ARG230, ARG23), ARG228), ARG183), ARG183), ARG183), ARG230)), subtract(ARG446, ARG289)), ARG228))"
71,3.012110974999814,5423986.376104999,5495213.629638135,5673997.675120069,5983609.263590864,35470127.573939204,3150238.454027315,6241852.043177234,3610037.2130236155,3657758.3893071455,3768724.8008177476,3994617.9436541153,23706867.2894542,2105418.472482655,4162179.709319053,0.4905521472392638,0.4972546012269939,0.49938650306748467,0.5026226993865031,0.509079754601227,0.0037580986858043457,0.49980552147239266,3.0,25.0,31.0,33.0,65.0,10.562196741208716,28.4,5250509.8320037685,2291.399099241284,-0.09627725917159546,924.5165593066956,33,"subtract(ARG183, division(subtract(add(subtract(subtract(division(subtract(subtract(ARG181, ARG183), ARG183), ARG228), ARG183), ARG183), division(subtract(subtract(subtract(add(add(ARG230, ARG23), ARG228), ARG183), ARG183), ARG183), ARG230)), subtract(ARG446, ARG289)), ARG228))"
72,3.0847389710015705,5405310.933807015,5487343.506593879,5654328.637529834,5902536.619790215,32532327.476130255,2763766.4586066157,6177620.216051199,3610037.2130236155,3655117.9276879323,3762075.4672294455,3941795.595812049,21731770.74140089,1845974.350352279,4118503.4965436193,0.492760736196319,0.49717791411042944,0.49993865030674844,0.502638036809816,0.508159509202454,0.003827514728486866,0.5000352305169167,3.0,23.0,31.0,33.0,53.0,9.920732791664907,27.93069306930693,5250509.8320037685,2291.399099241284,-0.09627725917159546,924.5165593066956,33,"subtract(ARG183, division(subtract(add(subtract(subtract(division(subtract(subtract(ARG181, ARG183), ARG183), ARG228), ARG183), ARG183), division(subtract(subtract(subtract(add(add(ARG230, ARG23), ARG228), ARG183), ARG183), ARG183), ARG230)), subtract(ARG446, ARG289)), ARG228))"
73,3.0577187429989863,5378638.126990035,5494252.817250432,5652487.774867466,5931746.363689011,19081059.453361005,1889406.8708882148,6173234.208540809,3590752.0261278497,3655002.6652912013,3773289.804172753,3951265.456809599,12720186.04923252,1259944.992194298,4114782.685046169,0.49171779141104294,0.4974233128834356,0.5001226993865031,0.5029447852760737,0.5098773006134969,0.004049474386996112,0.5002593694952318,3.0,27.0,31.0,35.0,57.0,9.544677703489207,29.475247524752476,5174013.201442582,2274.645730974954,-0.08030518804503295,995.5866047577415,31,"subtract(ARG183, division(subtract(add(subtract(subtract(division(subtract(subtract(ARG181, ARG183), ARG183), ARG228), ARG183), ARG183), division(subtract(subtract(subtract(subtract(ARG181, ARG183), ARG183), ARG183), ARG183), ARG230)), subtract(ARG446, ARG289)), ARG228))"
74,3.0573373669994908,5383827.890269391,5471205.787335644,5652007.986034274,5911141.605171906,9808876.36262607,535512.0999601209,5796581.362224586,3590752.0261278497,3645112.732442751,3767099.174121949,3951265.456809599,6530170.099281365,355998.1816100961,3865746.1320996904,0.49104294478527605,0.4965644171779141,0.49938650306748467,0.5019018404907976,0.5098159509202455,0.003765540095472139,0.49944967502885257,5.0,27.0,31.0,35.0,53.0,8.47390569557372,29.93069306930693,5336336.017985747,2310.051085579223,-0.11419728959606323,916.8226622182654,35,"subtract(ARG183, division(subtract(add(subtract(subtract(division(subtract(ARG183, ARG183), ARG228), ARG183), ARG183), division(subtract(subtract(subtract(add(add(ARG230, ARG23), subtract(ARG181, ARG183)), ARG183), ARG183), ARG183), ARG230)), subtract(multiply(ARG617, ARG596), ARG289)), ARG228))"
75,3.0464035360000707,5376655.503171928,5451273.633482847,5627455.113609258,5857219.147142472,10412237536470.967,1030914015751.5586,103097378964.74788,3590752.0261278497,3631420.5040017324,3756105.8033432784,3893824.0588287567,6965993754903.823,689701957267.861,68974182231.4544,0.48625766871165643,0.49644171779141105,0.4992638036809816,0.5020858895705521,0.5107975460122699,0.004080000933926057,0.4994186964708741,3.0,25.0,31.0,33.0,43.0,7.814835867835719,28.722772277227723,5336336.017985747,2310.051085579223,-0.11419728959606323,916.8226622182654,35,"subtract(ARG183, division(subtract(add(subtract(subtract(division(subtract(ARG183, ARG183), ARG228), ARG183), ARG183), division(subtract(subtract(subtract(add(add(ARG230, ARG23), subtract(ARG181, ARG183)), ARG183), ARG183), ARG183), ARG230)), subtract(multiply(ARG617, ARG596), ARG289)), ARG228))"
76,3.020123008000155,5370927.923252951,5449023.484072947,5553508.694466325,5700841.80267893,12165998.725157857,936612.9088127397,5798981.734203441,3590752.0261278497,3631446.0435253824,3704729.8191096815,3792224.681763855,8100726.275329783,624149.6337093966,3866241.058520977,0.490920245398773,0.49699386503067483,0.5000613496932516,0.5029141104294479,0.5080368098159509,0.003646542163538091,0.4998907975460123,3.0,27.0,31.0,33.0,43.0,8.253871818728468,29.44,5336336.017985747,2310.051085579223,-0.11419728959606323,916.8226622182654,35,"subtract(ARG183, division(subtract(add(subtract(subtract(division(subtract(ARG183, ARG183), ARG228), ARG183), ARG183), division(subtract(subtract(subtract(add(add(ARG230, ARG23), subtract(ARG181, ARG183)), ARG183), ARG183), ARG183), ARG230)), subtract(multiply(ARG617, ARG596), ARG289)), ARG228))"
77,3.024167873998522,5382383.083090905,5461282.820883474,5616624.540884866,5931456.047975556,134299624355.81119,13362032188.19293,1349085578.6818252,3590752.0261278497,3634810.5934021473,3741541.1043063668,3962035.0728805345,90015373864.04549,8956008931.742466,904212016.7530001,0.49134969325153377,0.4981901840490797,0.5005521472392638,0.5030828220858896,0.51,0.0036716423446284765,0.5005901840490797,3.0,27.0,31.0,33.0,41.0,7.958291273885368,28.84,5336336.017985747,2310.051085579223,-0.11419728959606323,916.8226622182654,35,"subtract(ARG183, division(subtract(add(subtract(subtract(division(subtract(ARG183, ARG183), ARG228), ARG183), ARG183), division(subtract(subtract(subtract(add(add(ARG230, ARG23), subtract(ARG181, ARG183)), ARG183), ARG183), ARG183), ARG230)), subtract(multiply(ARG617, ARG596), ARG289)), ARG228))"
78,3.003234298999814,5389248.524569742,5451749.55848657,5587769.391523946,5809971.372459963,1195422894.1276736,118369660.11498168,17675803.027476225,3590752.0261278497,3631410.31541247,3724550.3404343445,3871419.02750258,798025685.9680173,79020523.07623929,11792105.245167384,0.4925153374233129,0.4983895705521473,0.5011042944785276,0.503558282208589,0.5088957055214723,0.003538690458235657,0.5009441717791412,3.0,25.0,29.0,31.0,47.0,8.70530872514008,27.24,5336336.017985747,2310.051085579223,-0.11419728959606323,916.8226622182654,33,"subtract(ARG183, division(subtract(add(subtract(subtract(subtract(ARG183, ARG183), ARG183), ARG183), division(subtract(subtract(subtract(add(add(ARG230, ARG23), subtract(ARG181, ARG183)), ARG183), ARG183), ARG183), ARG230)), subtract(multiply(ARG617, ARG596), ARG289)), ARG228))"
79,3.0170196290000604,5380620.750808143,5441017.048830403,5532473.227639315,5772238.452594478,9339959.333653338,669332.997287733,5754576.591508737,3590752.0261278497,3629517.3398902714,3681278.030170234,3851051.2070711516,6225621.049257766,446051.5083612952,3835398.698790343,0.48957055214723927,0.49789877300613494,0.500398773006135,0.5028527607361963,0.5110429447852761,0.00391048912234224,0.5003815950920246,3.0,27.0,31.0,33.0,41.0,8.10557832606656,28.14,5337677.158751246,2310.3413511321755,-0.11447731233092284,863.4463132877399,29,"subtract(ARG183, division(subtract(add(subtract(subtract(division(subtract(ARG446, ARG183), ARG228), ARG183), ARG183), division(subtract(subtract(subtract(add(ARG228, ARG228), ARG183), ARG183), ARG183), ARG230)), subtract(ARG230, ARG289)), ARG228))"
80,3.028865633999885,5379343.142887263,5441970.166166958,5561824.635776395,5839738.286792787,2548003790.857944,252954237.52629647,31145833.383267645,3590752.0261278497,3625358.364888471,3704273.4080588333,3885877.641121191,1702498946.1358674,169017302.82999095,20801253.693121206,0.4887730061349693,0.49782208588957055,0.5003374233128834,0.5032822085889571,0.5093251533742331,0.003989631024014594,0.50030490797546,3.0,29.0,31.0,35.0,59.0,8.990194658626697,29.42,5238351.196328326,2288.7444585030294,-0.09373860364669895,930.8922365956669,41,"subtract(ARG183, division(subtract(add(subtract(subtract(division(subtract(add(add(ARG230, ARG23), subtract(ARG181, ARG183)), ARG183), ARG228), ARG183), ARG183), division(subtract(subtract(subtract(add(add(ARG230, ARG23), subtract(ARG183, ARG183)), ARG183), ARG183), ARG183), ARG230)), subtract(multiply(ARG617, ARG596), ARG289)), ARG228))"
81,3.0452773369997885,5380411.880135112,5443005.426213488,5631413.431304585,5934293.938168684,34419878.46045989,2907182.5996027114,6156966.75419094,3590752.0261278497,3631437.5228173616,3751207.1487643947,3964309.700363282,23046500.940909307,1947758.095658059,4105889.7173226224,0.4914723926380368,0.49717791411042944,0.4995705521472393,0.5019631901840491,0.5089570552147239,0.003769947575880286,0.4998530037052785,3.0,25.0,31.0,35.0,57.0,11.222954616433116,28.18811881188119,5238351.196328326,2288.7444585030294,-0.09373860364669895,930.8922365956669,41,"subtract(ARG183, division(subtract(add(subtract(subtract(division(subtract(add(add(ARG230, ARG23), subtract(ARG181, ARG183)), ARG183), ARG228), ARG183), ARG183), division(subtract(subtract(subtract(add(add(ARG230, ARG23), subtract(ARG183, ARG183)), ARG183), ARG183), ARG183), ARG230)), subtract(multiply(ARG617, ARG596), ARG289)), ARG228))"
82,3.0266414119996625,5381501.916949524,5447112.183400061,5655439.413886877,5956566.487330183,32950931.216054246,2852800.6250412096,6162541.341847512,3590752.0261278497,3631926.40829459,3780922.6733408235,3962495.1516343476,22004186.112568486,1905340.9721845253,4109206.519455307,0.49134969325153377,0.49691717791411044,0.49984662576687117,0.5023006134969326,0.5120858895705521,0.003979786519584386,0.4997950920245399,5.0,27.0,31.0,35.0,51.0,8.274563432592682,29.46,5238351.196328326,2288.7444585030294,-0.09373860364669895,930.8922365956669,41,"subtract(ARG183, division(subtract(add(subtract(subtract(division(subtract(add(add(ARG230, ARG23), subtract(ARG181, ARG183)), ARG183), ARG228), ARG183), ARG183), division(subtract(subtract(subtract(add(add(ARG230, ARG23), subtract(ARG183, ARG183)), ARG183), ARG183), ARG183), ARG230)), subtract(multiply(ARG617, ARG596), ARG289)), ARG228))"
83,3.024587957001131,5377096.086242618,5447337.031817219,5652512.021177858,5889838.464744747,44376185.47525028,3875042.9845066443,6151325.615149448,3590163.3319304422,3632045.933187616,3753321.0828084564,3924076.7088570446,29673934.330758926,2592189.6020911117,4101644.144645948,0.49122699386503066,0.4974846625766871,0.5000920245398773,0.5021319018404908,0.5101226993865031,0.0035224488823753456,0.5000030674846626,3.0,26.5,31.0,35.0,45.0,8.40997027343141,29.18,5238351.196328326,2288.7444585030294,-0.09373860364669895,930.8922365956669,41,"subtract(ARG183, division(subtract(add(subtract(subtract(division(subtract(add(add(ARG230, ARG23), subtract(ARG181, ARG183)), ARG183), ARG228), ARG183), ARG183), division(subtract(subtract(subtract(add(add(ARG230, ARG23), subtract(ARG183, ARG183)), ARG183), ARG183), ARG183), ARG230)), subtract(multiply(ARG617, ARG596), ARG289)), ARG228))"
84,3.024939163999079,5381354.738886529,5475598.763134346,5685063.474087547,5919156.860056271,116556594.54543781,11039390.111506304,6972508.615309348,3590163.3319304422,3645910.0705395285,3786900.5913505433,3944670.7209004974,77812602.0269756,7370398.757537499,4649119.907549431,0.49116564417177916,0.49789877300613494,0.4999693251533742,0.5020858895705521,0.5123926380368098,0.0037028288270718047,0.5001226993865031,3.0,25.0,31.0,35.0,49.0,9.721131621370013,28.86,5317693.788441643,2306.0125299836604,-0.11030489572130331,941.6165464389383,37,"subtract(ARG183, division(subtract(add(subtract(subtract(division(subtract(ARG183, ARG183), ARG228), ARG183), ARG183), division(subtract(subtract(subtract(add(add(ARG230, ARG23), subtract(ARG446, ARG183)), ARG183), ARG183), subtract(ARG183, ARG289)), ARG230)), subtract(multiply(ARG617, ARG596), ARG289)), ARG228))"
85,3.0451313329995173,5338110.33820038,5462333.100238474,5727358.921536222,5949349.767539785,116627523.6698307,12955958.711140325,7651286.4232784035,3590163.3319304422,3637196.704351347,3801196.248393513,3964144.298248946,77831264.51661168,8647590.94556889,5101222.761898402,0.48687116564417177,0.49806748466257666,0.5002760736196319,0.5032668711656442,0.5120858895705521,0.004236334298050992,0.5003453987730061,1.0,25.0,31.0,35.0,49.0,10.04348545077853,28.78,5317693.788441643,2306.0125299836604,-0.11030489572130331,941.6165464389383,37,"subtract(ARG183, division(subtract(add(subtract(subtract(division(subtract(ARG183, ARG183), ARG228), ARG183), ARG183), division(subtract(subtract(subtract(add(add(ARG230, ARG23), subtract(ARG446, ARG183)), ARG183), ARG183), subtract(ARG183, ARG289)), ARG230)), subtract(multiply(ARG617, ARG596), ARG289)), ARG228))"
86,3.0412782929997775,5370982.6383030685,5453993.714930363,5643108.465400994,5935573.616930705,37923579.273740806,3320680.318390873,6295725.83053375,3588928.6683023158,3632255.4455421767,3761282.137997184,3957210.927071475,25356017.152548306,2220840.1309836837,4197496.693695926,0.4920245398773006,0.4977300613496933,0.5001840490797546,0.5023926380368098,0.5079754601226993,0.0036385906878103743,0.5001263439227358,3.0,25.0,29.0,33.0,51.0,9.928911126070023,27.97029702970297,5317693.788441643,2306.0125299836604,-0.11030489572130331,941.6165464389383,37,"subtract(ARG183, division(subtract(add(subtract(subtract(division(subtract(ARG183, ARG183), ARG228), ARG183), ARG183), division(subtract(subtract(subtract(add(add(ARG230, ARG23), subtract(ARG446, ARG183)), ARG183), ARG183), subtract(ARG183, ARG289)), ARG230)), subtract(multiply(ARG617, ARG596), ARG289)), ARG228))"
87,3.040022881999903,5375396.298125817,5472356.6849045325,5697251.656025989,6140149.002814613,1414769918248273.2,140076228918631.27,14007629061960.75,3590163.3319304422,3644488.535650334,3799100.065178515,4108050.270733415,942370547482606.1,93304014195076.9,9330405531837.236,0.49165644171779144,0.4974846625766871,0.49987730061349694,0.5031288343558282,0.5095092024539877,0.0038288129808476223,0.5000498086618478,3.0,21.0,29.0,35.0,61.0,11.332374140333714,28.425742574257427,5317693.788441643,2306.0125299836604,-0.11030489572130331,941.6165464389383,37,"subtract(ARG183, division(subtract(add(subtract(subtract(division(subtract(ARG183, ARG183), ARG228), ARG183), ARG183), division(subtract(subtract(subtract(add(add(ARG230, ARG23), subtract(ARG446, ARG183)), ARG183), ARG183), subtract(ARG183, ARG289)), ARG230)), subtract(multiply(ARG617, ARG596), ARG289)), ARG228))"
88,3.0090941179987567,5382629.857533068,5439452.6939019,5654453.832584191,6252535.796692014,105894515.09876445,9997259.135293419,6974423.291013623,3590163.3319304422,3624903.076685688,3767060.460089742,4154438.6683761664,70512708.6935684,6656554.326991203,4648997.308494866,0.49098159509202455,0.4979141104294479,0.5004294478527608,0.5025460122699387,0.5094478527607362,0.0037903333489294334,0.49997116564417177,3.0,22.5,31.0,35.0,61.0,11.567730978891237,28.26,5269518.010292376,2295.543075242191,-0.10024606110946888,1141.5855677578213,31,"subtract(ARG183, division(subtract(add(subtract(subtract(subtract(subtract(subtract(ARG228, ARG183), ARG183), ARG183), ARG183), subtract(ARG446, ARG289)), division(subtract(subtract(subtract(ARG181, ARG183), ARG183), ARG183), ARG230)), subtract(ARG446, ARG289)), ARG228))"
89,3.0410147459988366,5360574.221091724,5437086.688673743,5656016.62362393,6022671.93524237,32336317.99192165,3955742.545998865,6590865.232303607,3589137.1686889115,3621011.7882271744,3777865.8279097034,4011005.841011442,21607919.61908428,2639748.274754544,4394498.8877492715,0.49282208588957055,0.497239263803681,0.5002453987730061,0.5025306748466258,0.5096932515337423,0.003568729058323627,0.4999331288343558,3.0,27.0,31.0,37.0,63.0,11.357376457615555,30.3,5180082.307229461,2275.9794171366007,-0.0815723835880462,904.4325920223675,35,"subtract(ARG183, division(subtract(add(subtract(subtract(division(subtract(subtract(subtract(ARG181, ARG183), ARG183), ARG183), ARG228), ARG183), subtract(ARG446, ARG289)), division(subtract(subtract(subtract(subtract(ARG181, ARG183), ARG183), ARG183), ARG183), ARG230)), subtract(ARG446, ARG289)), ARG228))"
90,3.0759710149995954,5356239.282354355,5408042.552894605,5536533.6019223435,5820153.413853594,59290289.88006676,7134087.422229232,6850821.182309318,3577559.4175914973,3601988.4363451847,3690468.48231337,3877406.328761744,39353030.582502164,4740914.045517553,4564665.369175227,0.4924539877300613,0.4974233128834356,0.49987730061349694,0.5024539877300613,0.5086503067484662,0.003892762894511473,0.5002010569155075,5.0,27.0,31.0,35.0,47.0,9.47275901811882,30.544554455445546,5148983.200470739,2269.137104819966,-0.07507906301328493,1181.8261476420003,35,"subtract(ARG183, division(subtract(add(subtract(subtract(division(subtract(subtract(subtract(ARG181, ARG183), ARG183), ARG183), ARG617), ARG183), subtract(ARG446, ARG289)), division(subtract(subtract(subtract(subtract(ARG181, ARG183), ARG183), ARG183), ARG183), ARG230)), subtract(ARG446, ARG289)), ARG228))"
91,3.0856986729995697,5348780.552558577,5408597.775796992,5502756.415225896,5783200.025719333,32041859.64243526,3282750.3499829024,6267379.670673487,3570357.0742538567,3601973.3425481985,3668005.6272550193,3848466.8744153604,21383979.371589206,2195781.8365545073,4179574.9309583395,0.4895092024539877,0.49736196319018405,0.5,0.5026993865030674,0.510920245398773,0.004018665376034124,0.4998888416449006,3.0,27.0,31.0,35.0,57.0,10.047080622567384,30.128712871287128,5148983.200470739,2269.137104819966,-0.07507906301328493,1181.8261476420003,35,"subtract(ARG183, division(subtract(add(subtract(subtract(division(subtract(subtract(subtract(ARG181, ARG183), ARG183), ARG183), ARG617), ARG183), subtract(ARG446, ARG289)), division(subtract(subtract(subtract(subtract(ARG181, ARG183), ARG183), ARG183), ARG183), ARG230)), subtract(ARG446, ARG289)), ARG228))"
92,3.093629877001149,5343108.7634557495,5403967.073617649,5482741.326170662,5753223.628482954,16930207.465341154,1664797.0239499593,5959339.62443871,3570249.7681531818,3597864.7159640337,3656578.6833277983,3836266.9316535955,11260093.915662674,1108173.3450735074,3971028.850295767,0.49355828220858894,0.498159509202454,0.5007975460122699,0.5032515337423313,0.5079141104294479,0.0031465782492455146,0.5006469051813157,3.0,29.0,33.0,35.0,47.0,8.610514884250808,31.277227722772277,5272576.905669902,2296.2092469263125,-0.10088474145630433,1010.1452361247646,35,"subtract(ARG183, division(subtract(add(subtract(subtract(subtract(ARG228, subtract(ARG446, subtract(subtract(ARG181, ARG183), ARG183))), ARG183), subtract(ARG446, ARG289)), division(subtract(subtract(subtract(subtract(ARG181, ARG183), ARG183), ARG183), ARG183), ARG230)), subtract(ARG23, ARG289)), ARG228))"
93,3.080786603000888,5334069.660873001,5396005.149009539,5458234.74391493,5980621.618574133,493029194.8784008,48247081.201602556,10725577.052370414,3564157.9925137567,3598600.084721449,3635148.6539435037,3985896.772720806,328042120.84733176,32100926.03025694,7144868.154188077,0.48932515337423316,0.497239263803681,0.4995092024539877,0.5028834355828221,0.5078527607361963,0.0036653934557051323,0.49975399380428837,3.0,27.0,31.0,35.0,67.0,11.062911062480584,30.524752475247524,5234112.171904378,2287.8182121629284,-0.09285351891669391,1017.8627847807559,35,"subtract(ARG183, division(subtract(add(subtract(subtract(division(subtract(subtract(subtract(ARG181, ARG228), ARG183), ARG183), ARG617), ARG183), subtract(ARG446, ARG289)), division(subtract(subtract(subtract(subtract(ARG181, ARG183), ARG183), ARG183), ARG183), ARG230)), subtract(ARG446, ARG289)), ARG228))"
94,3.0414649969989114,5333992.028796354,5396816.6159244515,5448010.693145786,5793263.63868917,2551478984.577329,253301031.88347018,31172923.637761783,3564157.9925137567,3597202.869479652,3626471.4347816017,3874508.5928319506,1706009822.3238356,169367198.70265782,20832385.366865426,0.4888343558282209,0.4974233128834356,0.4995092024539877,0.502239263803681,0.5111042944785276,0.003977986160658202,0.4998840490797546,3.0,25.0,33.0,35.5,47.0,10.369879459280133,29.84,5234112.171904378,2287.8182121629284,-0.09285351891669391,1017.8627847807559,35,"subtract(ARG183, division(subtract(add(subtract(subtract(division(subtract(subtract(subtract(ARG181, ARG228), ARG183), ARG183), ARG617), ARG183), subtract(ARG446, ARG289)), division(subtract(subtract(subtract(subtract(ARG181, ARG183), ARG183), ARG183), ARG183), ARG230)), subtract(ARG446, ARG289)), ARG228))"
95,3.066563258000315,5330712.364248946,5389020.389824609,5501551.923510525,5846898.003143607,13978486.693784773,1181499.7945682022,5854135.574246367,3564157.9925137567,3595786.1164764003,3672065.905726252,3894506.0456461404,9273099.715465052,785433.260427494,3902685.0179175013,0.4925153374233129,0.49734662576687116,0.5000613496932516,0.5021472392638036,0.5125153374233129,0.0038043662058430496,0.4999429447852761,3.0,29.0,33.0,35.0,49.0,8.875494352429053,31.16,5234112.171904378,2287.8182121629284,-0.09285351891669391,1017.8627847807559,35,"subtract(ARG183, division(subtract(add(subtract(subtract(division(subtract(subtract(subtract(ARG181, ARG228), ARG183), ARG183), ARG617), ARG183), subtract(ARG446, ARG289)), division(subtract(subtract(subtract(subtract(ARG181, ARG183), ARG183), ARG183), ARG183), ARG230)), subtract(ARG446, ARG289)), ARG228))"
96,3.095016493000003,5339824.617805955,5419240.012238216,5590618.355971886,5840331.229707904,18646734.03660569,1345004.0242266129,5826972.301975056,3564157.9925137567,3611927.7814471964,3723271.877521624,3893948.5728048673,12444898.857497962,898275.7470890251,3883556.8960921275,0.4931288343558282,0.4974846625766871,0.5004294478527608,0.5031901840490798,0.5123926380368098,0.00390919726676888,0.5004914049687177,3.0,27.0,33.0,37.0,53.0,9.745350968712312,31.396039603960396,5234112.171904378,2287.8182121629284,-0.09285351891669391,1017.8627847807559,35,"subtract(ARG183, division(subtract(add(subtract(subtract(division(subtract(subtract(subtract(ARG181, ARG228), ARG183), ARG183), ARG617), ARG183), subtract(ARG446, ARG289)), division(subtract(subtract(subtract(subtract(ARG181, ARG183), ARG183), ARG183), ARG183), ARG230)), subtract(ARG446, ARG289)), ARG228))"
97,3.079100578001089,5341668.284103125,5408598.935612241,5629448.721685549,5921087.844228091,430600904.30186826,42091653.71619645,10289319.65342066,3564157.9925137567,3600721.6261654734,3748519.7174506495,3955480.813972044,287043789.4700005,28058896.627059087,6860547.186610144,0.49171779141104294,0.4965644171779141,0.5,0.5028834355828221,0.5105521472392638,0.0039015460655841545,0.49977039421733593,3.0,27.0,33.0,35.0,49.0,10.040912290012495,30.247524752475247,5234112.171904378,2287.8182121629284,-0.09285351891669391,1017.8627847807559,35,"subtract(ARG183, division(subtract(add(subtract(subtract(division(subtract(subtract(subtract(ARG181, ARG228), ARG183), ARG183), ARG617), ARG183), subtract(ARG446, ARG289)), division(subtract(subtract(subtract(subtract(ARG181, ARG183), ARG183), ARG183), ARG183), ARG230)), subtract(ARG446, ARG289)), ARG228))"
98,3.093418696998924,5347663.181009844,5405707.143537468,5593585.616312449,5820324.391488581,9471469.000330193,651628.9625995525,5763099.637407088,3564157.9925137567,3604177.1392783117,3742988.035054514,3879581.564621897,6319999.373889887,435728.7476480414,3843457.349535876,0.49122699386503066,0.4973006134969325,0.4994478527607362,0.5023312883435583,0.5133128834355828,0.003922734326946663,0.4994970539998786,3.0,29.0,35.0,37.0,49.0,9.30073524567737,31.653465346534652,5277884.594146738,2297.3647063857184,-0.10199295729859359,1006.6198932666096,37,"subtract(ARG183, division(subtract(add(subtract(subtract(subtract(ARG228, subtract(ARG446, subtract(subtract(ARG181, ARG183), ARG183))), ARG183), subtract(division(ARG318, ARG101), ARG289)), division(subtract(subtract(subtract(subtract(ARG181, ARG183), ARG183), ARG183), ARG183), ARG230)), subtract(ARG23, ARG289)), ARG228))"
99,3.078859230001399,5323339.19647149,5393126.725113458,5571126.095340306,5782774.726303938,19356192.379840672,1576157.8929734847,5908420.466499158,3564157.9925137567,3597724.814293785,3719417.678074792,3862444.0394895263,12847379.094038723,1045091.0723485652,3939442.355735922,0.49079754601226994,0.4970245398773006,0.4996319018404908,0.5023466257668712,0.5098159509202453,0.004058762173158261,0.49961226993865027,5.0,31.0,35.0,35.0,59.0,8.775670914522719,32.74,5276755.262556906,2297.1189047493613,-0.1017571591419173,1008.3901481633984,33,"subtract(ARG183, division(subtract(add(subtract(subtract(subtract(subtract(subtract(ARG181, ARG183), ARG183), ARG183), ARG228), subtract(ARG446, ARG289)), division(subtract(subtract(subtract(subtract(ARG181, ARG183), ARG183), ARG183), ARG183), ARG230)), subtract(ARG23, ARG289)), ARG228))"
100,3.0733585880007013,5341749.078204598,5428184.132281747,5589989.644359273,6001606.605276672,1910778806.6221433,189547695.49286622,24810555.504711684,3564157.9925137567,3612315.161248956,3724132.842760438,3996853.1474581575,1268147172.1474323,125797503.77689494,16482759.348974252,0.48668711656441715,0.49742331288343555,0.5002453987730061,0.5028374233128834,0.5107975460122699,0.0041760542422047625,0.5002092024539878,3.0,29.0,35.0,37.0,57.0,10.06983614563812,31.72,5276755.262556906,2297.1189047493613,-0.1017571591419173,1008.3901481633984,33,"subtract(ARG183, division(subtract(add(subtract(subtract(subtract(subtract(subtract(ARG181, ARG183), ARG183), ARG183), ARG228), subtract(ARG446, ARG289)), division(subtract(subtract(subtract(subtract(ARG181, ARG183), ARG183), ARG183), ARG183), ARG230)), subtract(ARG23, ARG289)), ARG228))"
101,3.112699261999296,5334233.600400904,5377972.17847186,5465403.955511457,5680935.28665436,9322008.156394742,571053.6424610204,5679384.7644386105,3562630.2980667837,3585802.4375231713,3649872.356392853,3792564.1043768865,6225621.049257766,380086.466090937,3785219.998221344,0.48570552147239265,0.4977914110429448,0.5006134969325153,0.5028834355828221,0.508282208588957,0.003692619998698755,0.5003893579542003,3.0,33.0,35.0,35.0,57.0,7.472827619589181,33.396039603960396,5259423.406218318,2293.3432813729214,-0.0981383639065656,1034.8408684437413,33,"subtract(ARG183, division(subtract(add(subtract(subtract(subtract(subtract(ARG446, ARG289), ARG183), ARG183), subtract(ARG446, ARG289)), division(subtract(subtract(subtract(subtract(subtract(ARG181, ARG183), ARG183), ARG183), ARG183), ARG183), ARG230)), subtract(ARG23, ARG289)), ARG228))"
102,3.0535236039995652,5325162.366713996,5376847.835770715,5465202.056932855,5729054.938779321,13206065.010523323,1045878.8114834775,5815921.816060022,3564157.9925137567,3579701.5598631073,3648260.911243354,3817173.4509508633,8802603.24165904,698426.8205689644,3876631.1887504878,0.49171779141104294,0.4975306748466258,0.5002760736196319,0.5030674846625767,0.5076073619631902,0.003814526937275895,0.5003147239263803,3.0,29.0,33.0,35.0,49.0,10.089420201379264,31.06,5328636.59004432,2308.383978034053,-0.11258969185205614,1029.544508760139,37,"subtract(ARG183, division(subtract(add(subtract(subtract(division(ARG183, ARG228), ARG183), subtract(ARG446, ARG289)), division(subtract(subtract(subtract(subtract(subtract(ARG181, ARG183), ARG183), ARG183), ARG183), subtract(ARG181, ARG289)), ARG230)), subtract(ARG446, subtract(subtract(ARG289, ARG183), ARG183))), ARG228))"
103,3.062279320998641,5331682.588710887,5379713.327036881,5482552.650011931,5648331.109441506,12445015.110072156,1011939.9021786225,5783900.04470205,3564157.9925137567,3586306.2164139813,3649402.6349834786,3776682.591076096,8277717.550566235,674199.7804265809,3856197.500199062,0.4894478527607362,0.49719325153374233,0.49987730061349694,0.5030214723926381,0.5111656441717791,0.004028595517485196,0.4998969325153375,3.0,31.0,33.0,35.0,57.0,9.384156861434063,31.76,5323058.686060672,2307.1754779514868,-0.11142505651438972,932.8562610721476,35,"subtract(ARG183, division(subtract(add(subtract(subtract(division(subtract(add(ARG230, ARG23), ARG183), ARG183), ARG183), subtract(ARG446, ARG289)), division(subtract(subtract(subtract(subtract(ARG230, ARG183), ARG183), ARG183), ARG183), ARG230)), subtract(subtract(ARG183, ARG230), ARG289)), ARG228))"
104,3.071366891999787,5335242.70182674,5376474.115869725,5444300.306103476,5653009.28972037,27536955.836937387,2902290.3948016325,6090835.93571275,3560325.5934671303,3586958.628928365,3628771.2914089733,3769567.665486262,18353466.63976445,1933144.7218448417,4059952.397877,0.49233128834355827,0.4981441717791411,0.500398773006135,0.5019785276073621,0.5093251533742331,0.003086823639872016,0.5001171779141104,3.0,31.0,33.0,35.0,45.0,8.180440085961147,31.98,5260509.756771415,2293.580117800862,-0.0983651878617533,1033.1509729733582,35,"subtract(ARG183, division(subtract(add(subtract(subtract(subtract(subtract(ARG446, ARG289), ARG183), ARG183), subtract(subtract(ARG446, ARG289), ARG289)), division(subtract(subtract(subtract(subtract(subtract(ARG181, ARG183), ARG183), ARG183), ARG183), ARG183), ARG230)), subtract(ARG23, ARG289)), ARG228))"
105,3.1236211390005337,5330521.481047537,5366258.965184522,5423745.2699008575,5592660.367125686,962300230.4586325,94741133.43791652,15260937.90329758,3560325.5934671303,3572417.3517624945,3612727.22403596,3733173.511779708,640381062.9736143,63046824.471495174,10162870.3236583,0.4926993865030675,0.49785276073619633,0.5007975460122699,0.5023926380368098,0.5098773006134969,0.003594860179172834,0.500091113405819,3.0,31.0,35.0,37.0,47.0,7.593794772520011,33.277227722772274,5234636.93461118,2287.932895565598,-0.09296308645210205,892.0287225931411,35,"subtract(ARG183, division(subtract(add(subtract(subtract(division(subtract(subtract(subtract(ARG228, ARG183), ARG183), ARG183), ARG289), ARG183), subtract(ARG446, ARG289)), division(subtract(subtract(subtract(subtract(ARG230, ARG183), ARG183), ARG183), ARG183), ARG230)), subtract(ARG228, ARG289)), ARG228))"
106,3.066390500000125,5310559.695672946,5371113.446528968,5469768.437243071,5807728.388612398,43520436.488293506,3815699.47374836,6086546.947133341,3560325.5934671303,3584315.9711452182,3650114.5328824827,3876338.9583438127,29045699.33092512,2546645.886211666,4058962.769034928,0.4911042944785276,0.4968711656441718,0.4991104294478528,0.5026840490797546,0.5108588957055215,0.003992822798052332,0.49957300613496924,3.0,29.0,35.0,37.0,59.0,11.374075786629875,31.48,5153400.910704689,2270.1103300731197,-0.07600145634689404,1023.0949265518186,35,"subtract(ARG183, division(subtract(add(subtract(subtract(division(subtract(subtract(subtract(ARG181, ARG183), ARG183), ARG183), ARG289), ARG183), subtract(ARG446, ARG289)), division(subtract(subtract(subtract(subtract(ARG230, ARG183), ARG183), ARG183), ARG183), ARG230)), subtract(ARG183, ARG289)), ARG228))"
107,3.0953879080007027,5323143.138158126,5379465.031383295,5432402.883463688,5622290.38233971,284809510500.1166,28198174585.260426,2879438228.67093,3560325.5934671303,3584983.6998970653,3624883.484279043,3752337.2735592383,189593850410.5162,18771163989.07845,1917026017.0806017,0.49122699386503066,0.497239263803681,0.5,0.5029447852760737,0.5088343558282209,0.004051204265490553,0.49993196865698836,3.0,31.0,33.0,35.0,51.0,9.32801487896529,31.91089108910891,5221540.221895356,2285.068975303668,-0.09022856565704584,1104.8834925860217,35,"subtract(ARG183, division(subtract(add(subtract(subtract(subtract(ARG228, subtract(ARG181, subtract(subtract(ARG181, ARG183), ARG183))), ARG183), subtract(ARG181, ARG289)), division(subtract(subtract(subtract(subtract(ARG228, ARG183), ARG183), ARG183), ARG183), ARG230)), subtract(ARG23, ARG289)), ARG228))"
108,3.075686690999646,5324539.45137067,5376126.684850592,5435085.958210999,5581026.685814856,9430293.415172135,531678.567245149,5602255.505346357,3560325.5934671303,3584308.3662778363,3624666.3253073473,3717666.347398056,6286348.056081539,354656.36646781367,3735446.581625787,0.4895092024539877,0.49791411042944783,0.49984662576687117,0.501855828220859,0.5067484662576687,0.0033388856301064776,0.49976625766871163,3.0,29.0,35.0,37.0,51.0,8.755775236950752,32.58,5221540.221895356,2285.068975303668,-0.09022856565704584,1104.8834925860217,35,"subtract(ARG183, division(subtract(add(subtract(subtract(subtract(ARG228, subtract(ARG181, subtract(subtract(ARG181, ARG183), ARG183))), ARG183), subtract(ARG181, ARG289)), division(subtract(subtract(subtract(subtract(ARG228, ARG183), ARG183), ARG183), ARG183), ARG230)), subtract(ARG23, ARG289)), ARG228))"
109,3.101195358000041,5337212.016955174,5376137.846782855,5425257.970760781,5656403.351894533,13179003.308612514,1127880.9783408043,5759593.887256282,3560325.5934671303,3580661.335247956,3618415.1909234095,3758569.0083250045,8796795.820245044,752957.7566250341,3838182.0373208136,0.4908588957055215,0.4979907975460123,0.5003680981595092,0.5031288343558282,0.5114110429447852,0.0038598311505778876,0.5006417177914111,3.0,31.0,35.0,39.0,47.0,6.8145726204949915,33.96,5221540.221895356,2285.068975303668,-0.09022856565704584,1104.8834925860217,35,"subtract(ARG183, division(subtract(add(subtract(subtract(subtract(ARG228, subtract(ARG181, subtract(subtract(ARG181, ARG183), ARG183))), ARG183), subtract(ARG181, ARG289)), division(subtract(subtract(subtract(subtract(ARG228, ARG183), ARG183), ARG183), ARG183), ARG230)), subtract(ARG23, ARG289)), ARG228))"
110,3.083727469000223,5324543.373739156,5378972.7893021535,5489565.068886557,5668014.179698297,39175285.90485456,4600328.622078466,6360517.832468873,3560325.5934671303,3590732.0695922435,3661881.3764952105,3784464.1299535185,26085916.91854771,3052908.4265861986,4238238.316160446,0.49263803680981594,0.4974079754601227,0.5004294478527608,0.5022239263803681,0.5107361963190185,0.003327909798587675,0.5000453987730062,3.0,31.0,35.0,37.5,59.0,9.346207787118795,33.22,5221540.221895356,2285.068975303668,-0.09022856565704584,1104.8834925860217,35,"subtract(ARG183, division(subtract(add(subtract(subtract(subtract(ARG228, subtract(ARG181, subtract(subtract(ARG181, ARG183), ARG183))), ARG183), subtract(ARG181, ARG289)), division(subtract(subtract(subtract(subtract(ARG228, ARG183), ARG183), ARG183), ARG183), ARG230)), subtract(ARG23, ARG289)), ARG228))"
111,3.085464439000134,5316170.856130344,5376604.864923633,5441524.181182146,5676279.921117114,9310931.898086246,569959.8778093891,5626698.679619427,3560325.5934671303,3574822.572930631,3632440.4567298978,3791262.6641920414,6225621.049257766,381224.9543497626,3752870.9873534595,0.4915337423312883,0.49691717791411044,0.49941717791411044,0.5013650306748466,0.5073006134969326,0.0035925261473072354,0.4993374233128835,3.0,31.0,35.0,37.0,49.0,7.961783719745218,33.5,5158874.866983879,2271.315668722399,-0.07714438798183698,1018.1545955413656,37,"subtract(ARG183, division(subtract(add(subtract(subtract(division(subtract(subtract(subtract(ARG181, ARG183), ARG183), ARG183), ARG289), ARG183), subtract(subtract(ARG289, ARG289), ARG289)), division(subtract(subtract(subtract(subtract(ARG230, ARG183), ARG183), ARG183), ARG183), ARG230)), subtract(ARG183, ARG289)), ARG228))"
112,3.1022361750001437,5319515.476666801,5383520.303234844,5495800.697404372,5850104.068444136,51370059.31233969,4728263.834751421,6377377.430622625,3560325.5934671303,3585843.5794049953,3664685.1778219175,3898167.4813850787,34301420.129906066,3157253.1570373406,4252222.454400758,0.4888343558282209,0.4975613496932515,0.5001533742331288,0.5026073619631902,0.5106134969325153,0.0038418478462486014,0.4999699386503068,3.0,29.0,34.0,37.0,63.0,8.76,32.32,5260509.756771415,2293.580117800862,-0.0983651878617533,1033.1509729733582,35,"subtract(ARG183, division(subtract(add(subtract(subtract(subtract(subtract(ARG446, ARG289), ARG183), ARG183), subtract(subtract(ARG446, ARG289), ARG289)), division(subtract(subtract(subtract(subtract(subtract(ARG181, ARG183), ARG183), ARG183), ARG183), ARG183), ARG230)), subtract(ARG23, ARG289)), ARG228))"
113,3.0621153860010963,5326874.849060587,5372390.576839527,5513870.667480323,5894715.81198995,43864524.98466892,4711784.276591033,6397493.337370441,3560325.5934671303,3580090.84713398,3673721.905038516,3923032.493823963,29298137.89748006,3152299.7104676487,4266897.124025753,0.49141104294478527,0.4972852760736196,0.49966257668711656,0.5024079754601227,0.5090184049079755,0.003859616180169442,0.4997760736196319,3.0,27.0,32.0,35.0,63.0,10.203117170747378,30.58,5260509.756771415,2293.580117800862,-0.0983651878617533,1033.1509729733582,35,"subtract(ARG183, division(subtract(add(subtract(subtract(subtract(subtract(ARG446, ARG289), ARG183), ARG183), subtract(subtract(ARG446, ARG289), ARG289)), division(subtract(subtract(subtract(subtract(subtract(ARG181, ARG183), ARG183), ARG183), ARG183), ARG183), ARG230)), subtract(ARG23, ARG289)), ARG228))"
114,3.0580739350007207,5302914.516775753,5403839.834677728,5558626.227773303,5791261.287884128,34437742.890686974,4001221.8572980682,6321072.291121118,3560325.5934671303,3608116.0893991394,3719902.5172448857,3860417.1216204697,22977290.590184107,2668966.946567226,4213120.287577328,0.48938650306748466,0.4978220858895706,0.5003680981595091,0.5032668711656442,0.5089570552147239,0.004147124685315988,0.5003159509202453,3.0,27.0,31.0,35.0,59.0,8.121674704148154,30.28,5260509.756771415,2293.580117800862,-0.0983651878617533,1033.1509729733582,35,"subtract(ARG183, division(subtract(add(subtract(subtract(subtract(subtract(ARG446, ARG289), ARG183), ARG183), subtract(subtract(ARG446, ARG289), ARG289)), division(subtract(subtract(subtract(subtract(subtract(ARG181, ARG183), ARG183), ARG183), ARG183), ARG183), ARG230)), subtract(ARG23, ARG289)), ARG228))"
115,3.0769509249985276,5321954.075850501,5376465.387027388,5490380.629278021,5747854.200255156,59201914.35519205,5683092.380355722,6623910.509705789,3560325.5934671303,3591148.9965353357,3658206.350808488,3843535.5868132194,39331208.6402947,3776256.3009331017,4415599.796537811,0.4914723926380368,0.49711656441717794,0.4996319018404908,0.5014723926380368,0.5089570552147239,0.0035028199393935464,0.4996531616351819,3.0,27.0,31.0,35.0,47.0,9.135346916133509,30.02970297029703,5153400.910704689,2270.1103300731197,-0.07600145634689404,1023.0949265518186,35,"subtract(ARG183, division(subtract(add(subtract(subtract(division(subtract(subtract(subtract(ARG181, ARG183), ARG183), ARG183), ARG289), ARG183), subtract(ARG446, ARG289)), division(subtract(subtract(subtract(subtract(ARG230, ARG183), ARG183), ARG183), ARG183), ARG230)), subtract(ARG183, ARG289)), ARG228))"
116,3.093712982999932,5313767.9189419225,5367811.0567234075,5462587.544491983,5630774.193289532,18454339.529063806,1369286.4108555638,5744854.223088467,3560469.029264109,3572417.3517624945,3645518.1859414857,3760617.3451588997,12330125.197726678,915487.2284486991,3829592.812341233,0.4922085889570552,0.4974233128834356,0.4993251533742331,0.5023926380368098,0.51,0.0037184604248845714,0.5002034866063294,3.0,29.0,33.0,35.0,61.0,8.16048229140355,31.613861386138613,5158874.866983879,2271.315668722399,-0.07714438798183698,1018.1545955413656,37,"subtract(ARG183, division(subtract(add(subtract(subtract(division(subtract(subtract(subtract(ARG181, ARG183), ARG183), ARG183), ARG289), ARG183), subtract(subtract(ARG289, ARG289), ARG289)), division(subtract(subtract(subtract(subtract(ARG230, ARG183), ARG183), ARG183), ARG183), ARG230)), subtract(ARG183, ARG289)), ARG228))"
117,3.087619215999439,5328353.807071542,5362584.86006743,5427522.051627099,5635880.905043654,4366076479855649.5,432284799400798.7,43228485847662.42,3560469.029264109,3574362.6735408613,3623539.6244805744,3765327.983581207,2916204172334334.0,288733085979666.8,28873312537665.87,0.4903680981595092,0.4968711656441718,0.4995705521472393,0.5019631901840491,0.5076687116564417,0.0038002290758136414,0.49951284699022047,5.0,29.0,33.0,35.0,69.0,9.953090642208895,30.84158415841584,5265839.823489167,2294.7417770828088,-0.0994780761563192,1040.533099846853,31,"subtract(ARG183, division(subtract(add(subtract(subtract(subtract(ARG446, ARG183), ARG183), subtract(ARG183, ARG289)), division(subtract(subtract(subtract(subtract(subtract(ARG181, ARG183), ARG183), ARG183), ARG183), ARG230), ARG230)), subtract(ARG23, ARG289)), ARG228))"
118,3.0758887629999663,5322546.0374762295,5365858.529030746,5422036.491181527,5770184.727231416,28448186.848504756,2999162.877350299,6160281.220679673,3560469.02926411,3574362.6735408613,3608481.5295111276,3833129.6517368173,18984092.59111715,1998956.5811461941,4106133.8537219926,0.49208588957055216,0.49736196319018405,0.5001840490797546,0.5031901840490798,0.5095705521472392,0.003956623097685357,0.500226568669137,3.0,27.0,31.0,35.0,45.0,9.293438714326756,29.356435643564357,5227897.88126249,2286.4596828421204,-0.09155600958320798,915.3127576006366,41,"subtract(ARG183, division(subtract(add(subtract(subtract(division(subtract(subtract(subtract(ARG181, ARG183), ARG183), ARG183), ARG289), ARG228), subtract(ARG446, ARG289)), division(subtract(subtract(subtract(subtract(ARG230, ARG183), ARG183), ARG183), subtract(ARG181, subtract(subtract(ARG181, ARG183), ARG181))), ARG230)), subtract(ARG183, ARG289)), ARG228))"
119,3.068612728999142,5326612.278673879,5384374.738024626,5537221.461529408,5775403.665532125,12317925.63322485,735469.3907243778,5690862.931372846,3560310.0911405315,3592693.0667665466,3680406.8664477747,3852155.8638802012,8261621.5208642995,494538.3863841187,3794374.748015474,0.4897546012269939,0.49697852760736194,0.5001840490797546,0.5023006134969326,0.5102453987730061,0.004004467000262275,0.49991411042944783,7.0,27.0,33.0,37.0,47.0,8.480188677146282,31.08,5239672.979264817,2289.0331975016916,-0.09401458457449463,1061.841555276762,33,"subtract(ARG183, division(subtract(add(subtract(subtract(division(ARG183, ARG183), ARG183), subtract(ARG446, ARG289)), division(subtract(subtract(subtract(subtract(subtract(ARG446, ARG183), ARG183), ARG183), ARG183), ARG183), ARG230)), subtract(subtract(ARG183, ARG230), ARG289)), ARG228))"
120,3.0919279150002694,5320321.384001254,5382653.511812681,5485610.903774494,5764880.569482294,17723421538187.336,1763456993730.3455,177246002124.1705,3560310.0911405315,3590628.7828837377,3654129.319086035,3835211.4536946067,11819965266251.525,1176070906065.5986,118207506304.55698,0.4910429447852761,0.4972852760736196,0.49981595092024544,0.5028374233128834,0.5113496932515338,0.0043334815611919784,0.5000018404907975,9.0,29.0,33.0,37.0,45.0,7.958366666596859,31.62,5239672.979264817,2289.0331975016916,-0.09401458457449463,1061.841555276762,33,"subtract(ARG183, division(subtract(add(subtract(subtract(division(ARG183, ARG183), ARG183), subtract(ARG446, ARG289)), division(subtract(subtract(subtract(subtract(subtract(ARG446, ARG183), ARG183), ARG183), ARG183), ARG183), ARG230)), subtract(subtract(ARG183, ARG230), ARG289)), ARG228))"
121,3.0680864870009827,5321850.5258484315,5388114.374057407,5536656.063828305,5876767.399983448,153612252.9003344,14838765.210254436,7582759.999949691,3560310.0911405315,3593786.8419415397,3692358.024639176,3931775.200269023,102458454.95848475,9897212.249673894,5056287.22055205,0.4849079754601227,0.4966717791411043,0.5003374233128834,0.5028527607361963,0.508159509202454,0.004097648107395768,0.4997276073619632,3.0,29.0,33.0,37.0,63.0,9.706472067646411,31.38,5323188.915950609,2307.203700575788,-0.11145224779130802,932.3889442590944,39,"subtract(ARG183, division(subtract(add(subtract(subtract(subtract(ARG228, subtract(ARG181, subtract(subtract(ARG181, ARG183), ARG228))), ARG183), subtract(ARG181, ARG289)), division(subtract(subtract(subtract(subtract(ARG228, ARG183), ARG183), subtract(ARG289, subtract(ARG181, ARG183))), ARG183), ARG230)), subtract(ARG23, ARG289)), ARG228))"
122,3.1179138719999173,5327359.700792489,5405026.384229746,5545725.61349568,5949954.679362877,614860396.7899334,60311739.01761398,12058422.596148014,3560310.0911405315,3598903.4857111936,3687498.0623308956,3980637.8785755583,408836765.4269362,40101722.439493746,8029433.426260904,0.4912883435582822,0.4967484662576687,0.4995092024539877,0.502760736196319,0.5073006134969326,0.003679101913699724,0.49956751503371194,3.0,29.0,33.0,37.0,53.0,10.053713209510619,30.821782178217823,5201817.38756341,2280.7493039708265,-0.08611054751093561,989.44973149314,35,"subtract(ARG183, division(subtract(add(subtract(subtract(division(subtract(subtract(ARG228, ARG183), ARG183), ARG289), ARG183), subtract(subtract(ARG289, ARG289), ARG289)), division(subtract(subtract(subtract(subtract(ARG230, ARG183), ARG183), ARG183), ARG183), ARG230)), subtract(ARG183, ARG289)), ARG228))"
123,3.0923815810001543,5313380.569146292,5367814.920128732,5465901.593403049,5755241.628848545,20990055.91484675,1713470.6978082662,5863758.406055402,3560310.0911405315,3579656.4425076307,3641551.3762964807,3840457.7607130506,14030095.604527272,1145852.3431321909,3909853.8549606823,0.4922085889570552,0.49736196319018405,0.49987730061349694,0.5017177914110429,0.5107975460122699,0.0037416348219319914,0.49984875174634036,3.0,29.0,33.0,35.0,45.0,8.850444043586181,30.92079207920792,5239824.3895971645,2289.0662702502004,-0.09404619821002091,1060.9576453626685,31,"subtract(ARG183, division(subtract(add(subtract(subtract(ARG228, ARG183), subtract(ARG446, ARG289)), division(subtract(subtract(subtract(subtract(subtract(ARG446, ARG183), ARG183), ARG183), ARG183), ARG183), ARG230)), subtract(subtract(ARG183, ARG230), ARG289)), ARG228))"
124,3.1176090549997753,5311009.217698966,5371949.525850697,5481095.275727342,5711064.9153578,26588641.97135319,2721162.7643562425,6019481.953580522,3560310.0911405315,3591401.648072727,3651682.427723141,3806598.164806058,17613381.457085952,1804631.4656597844,4011702.7469032677,0.488159509202454,0.49668711656441716,0.5006134969325153,0.5031901840490798,0.5113496932515338,0.004270048036146929,0.5000929356739354,3.0,29.0,35.0,39.0,61.0,9.45067009157998,32.56435643564357,5239824.3895971645,2289.0662702502004,-0.09404619821002091,1060.9576453626685,31,"subtract(ARG183, division(subtract(add(subtract(subtract(ARG228, ARG183), subtract(ARG446, ARG289)), division(subtract(subtract(subtract(subtract(subtract(ARG446, ARG183), ARG183), ARG183), ARG183), ARG183), ARG230)), subtract(subtract(ARG183, ARG230), ARG289)), ARG228))"
125,3.083562964999146,5328977.587677762,5397881.249832567,5505826.437288316,5781788.259934446,6876992.867702771,329701.2500894549,5641516.40343026,3560310.0911405315,3599502.1671918314,3686522.6993291406,3861772.9330735705,4571760.012380406,218626.45661175926,3760466.9061551453,0.49257668711656444,0.4974233128834356,0.49993865030674844,0.5023312883435583,0.5115950920245399,0.003708582704066739,0.5001974123792747,5.0,23.0,33.0,37.0,47.0,9.603695005009282,30.128712871287128,5239824.3895971645,2289.0662702502004,-0.09404619821002091,1060.9576453626685,31,"subtract(ARG183, division(subtract(add(subtract(subtract(ARG228, ARG183), subtract(ARG446, ARG289)), division(subtract(subtract(subtract(subtract(subtract(ARG446, ARG183), ARG183), ARG183), ARG183), ARG183), ARG230)), subtract(subtract(ARG183, ARG230), ARG289)), ARG228))"
126,3.0969296359999134,5323859.11161894,5406805.846048262,5565507.080702109,5821531.214998955,11249467.881371025,916274.5135169255,5828863.455581987,3560310.0911405315,3602931.835354332,3698137.2820793954,3876558.1566154337,7491984.738155168,610702.8073512859,3883310.6861213357,0.4905521472392638,0.49828220858895705,0.5010429447852761,0.5037423312883436,0.50920245398773,0.0037184525861415096,0.5010283666403451,3.0,29.0,33.0,37.0,67.0,9.890370542487236,31.77227722772277,5239824.3895971645,2289.0662702502004,-0.09404619821002091,1060.9576453626685,31,"subtract(ARG183, division(subtract(add(subtract(subtract(ARG228, ARG183), subtract(ARG446, ARG289)), division(subtract(subtract(subtract(subtract(subtract(ARG446, ARG183), ARG183), ARG183), ARG183), ARG183), ARG230)), subtract(subtract(ARG183, ARG230), ARG289)), ARG228))"
127,3.086861585999941,5325164.590301645,5383048.22173272,5463354.644700815,5755349.252576361,29679871.828382492,2459222.479462967,5940668.1894427845,3560310.0911405315,3592549.1515307375,3644191.9173631095,3824470.3510899837,19851535.117055174,1645824.9112082322,3958815.0483396803,0.49319018404907977,0.49809815950920244,0.5011042944785276,0.503558282208589,0.5082208588957056,0.003538838739150621,0.5008528214784669,3.0,29.0,33.0,37.0,45.0,9.599039261797731,31.237623762376238,5200974.625642406,2280.5645409947088,-0.08593458350773342,990.44973149314,33,"subtract(ARG183, division(subtract(add(subtract(subtract(division(subtract(subtract(ARG228, ARG183), ARG183), ARG289), ARG183), subtract(ARG228, ARG289)), division(subtract(subtract(subtract(subtract(ARG230, ARG183), ARG183), ARG183), ARG183), ARG230)), subtract(ARG183, ARG289)), ARG228))"
128,3.06265699800133,5317934.400944297,5372061.753031425,5467718.391110703,5844364.160398023,9832360.383655924,700506.4150768038,5736209.850178575,3559755.5152264037,3575426.2104275385,3652585.6414869316,3892876.7924271305,6526611.592017901,465787.02587197564,3824073.8137246645,0.4894478527607362,0.4977760736196319,0.49993865030674844,0.5026993865030674,0.5107361963190185,0.004009585976840007,0.5000012269938651,3.0,27.0,33.0,39.0,49.0,10.542770034483347,31.5,5227897.88126249,2286.4596828421204,-0.09155600958320798,915.3127576006366,41,"subtract(ARG183, division(subtract(add(subtract(subtract(division(subtract(subtract(subtract(ARG181, ARG183), ARG183), ARG183), ARG289), ARG228), subtract(ARG446, ARG289)), division(subtract(subtract(subtract(subtract(ARG230, ARG183), ARG183), ARG183), subtract(ARG181, subtract(subtract(ARG181, ARG183), ARG181))), ARG230)), subtract(ARG183, ARG289)), ARG228))"
129,3.111466904001645,5311716.148937898,5378549.8236189,5519224.464273047,5771842.290693118,18651721.807990126,1589176.4868270848,5848111.232863161,3560310.0911405315,3591322.433435773,3676809.7860988304,3845861.63422531,12463537.304564385,1063061.9694784079,3899164.4374424354,0.49141104294478527,0.49760736196319016,0.5003680981595092,0.5023926380368098,0.5093251533742331,0.00355975307449952,0.4999659843284942,5.0,29.0,33.0,41.0,55.0,9.681892645120987,33.05940594059406,5227897.88126249,2286.4596828421204,-0.09155600958320798,915.3127576006366,41,"subtract(ARG183, division(subtract(add(subtract(subtract(division(subtract(subtract(subtract(ARG181, ARG183), ARG183), ARG183), ARG289), ARG228), subtract(ARG446, ARG289)), division(subtract(subtract(subtract(subtract(ARG230, ARG183), ARG183), ARG183), subtract(ARG181, subtract(subtract(ARG181, ARG183), ARG181))), ARG230)), subtract(ARG183, ARG289)), ARG228))"
130,3.111404859000686,5316089.926203683,5377386.101611973,5497014.785780824,5809708.934319182,15958679.534454698,1493549.0054299892,5899402.689928141,3560310.0911405315,3586726.7571487976,3671175.0624126936,3873931.5045777326,10676673.633705942,997232.0526921784,3934432.136269819,0.48938650306748466,0.4968711656441718,0.4994478527607362,0.5022085889570552,0.5095092024539877,0.003984762856377225,0.4994533195650853,5.0,29.0,33.0,39.0,59.0,10.287428882878954,32.445544554455445,5327305.684886975,2308.095683650696,-0.11231180625526749,930.7989002365148,33,"subtract(ARG183, division(subtract(add(subtract(subtract(division(subtract(subtract(ARG228, ARG183), ARG183), ARG183), ARG183), subtract(ARG228, ARG289)), division(subtract(subtract(subtract(subtract(ARG230, ARG183), ARG183), ARG183), ARG183), ARG230)), subtract(ARG183, ARG289)), ARG228))"
131,3.073453363000226,5320277.574713184,5376324.71335841,5459110.913799353,5808069.603400298,12731450.810649011,985272.1180227894,5773391.006302524,3560540.502045693,3586539.4538002666,3639850.486382367,3869629.0157251703,8515496.438800938,657937.256453764,3848210.9318797416,0.49116564417177916,0.49722392638036805,0.5001226993865031,0.5024386503067484,0.5129447852760736,0.004144824686435202,0.5002981595092024,3.0,29.0,33.0,39.0,55.0,10.712441365067068,32.06,5327305.684886975,2308.095683650696,-0.11231180625526749,930.7989002365148,33,"subtract(ARG183, division(subtract(add(subtract(subtract(division(subtract(subtract(ARG228, ARG183), ARG183), ARG183), ARG183), subtract(ARG228, ARG289)), division(subtract(subtract(subtract(subtract(ARG230, ARG183), ARG183), ARG183), ARG183), ARG230)), subtract(ARG183, ARG289)), ARG228))"
132,3.0891381750006985,5222202.132796221,5371004.867442444,5460790.907049531,5670027.265719982,23599340.632872123,1837787.7238886054,5778444.1497075595,3475781.7380391345,3575626.547836494,3633044.2219983973,3774922.121193734,15728390.739494443,1224750.4508224232,3851091.9019519854,0.4884049079754601,0.49877300613496933,0.5006748466257669,0.5026226993865031,0.5082208588957056,0.0035077683800197384,0.5004638036809815,5.0,29.0,35.0,39.0,65.0,8.55102333057278,33.4,5440720.233748466,2332.535151664057,-0.1359921334528662,1073.719436987395,35,"subtract(ARG183, division(subtract(add(subtract(subtract(division(subtract(subtract(ARG228, ARG183), ARG183), subtract(ARG23, ARG289)), ARG183), subtract(ARG228, ARG289)), division(subtract(subtract(subtract(subtract(ARG230, ARG183), ARG183), ARG183), ARG183), ARG230)), subtract(ARG183, ARG289)), ARG228))"
133,3.10188041299989,5214312.321489016,5363851.529755486,5428032.488826312,5632403.410687657,30354094.85934697,2523553.641432123,5874941.591400216,3475781.7380391345,3570406.571191698,3620020.8488960713,3751713.395451926,20215393.103467032,1680431.8489131536,3917372.6204409716,0.48650306748466254,0.4970552147239264,0.4997546012269939,0.5023926380368098,0.5123926380368098,0.004031294035285981,0.49965437648059285,3.0,29.0,35.0,37.0,43.0,8.889126335204994,31.712871287128714,5440720.233748466,2332.535151664057,-0.1359921334528662,1073.719436987395,35,"subtract(ARG183, division(subtract(add(subtract(subtract(division(subtract(subtract(ARG228, ARG183), ARG183), subtract(ARG23, ARG289)), ARG183), subtract(ARG228, ARG289)), division(subtract(subtract(subtract(subtract(ARG230, ARG183), ARG183), ARG183), ARG183), ARG230)), subtract(ARG183, ARG289)), ARG228))"
134,3.0828207049999037,5208981.367903067,5357305.565713353,5436555.6177985165,5746189.74444443,12081909.419390742,1009550.9251224219,5786895.670083838,3475781.7380391345,3572111.5406600595,3620867.6830608286,3848227.187902134,8114343.779813313,674462.6506533914,3859867.7736369283,0.48895705521472393,0.49624233128834355,0.4995705521472393,0.5019785276073621,0.512760736196319,0.004151336189261521,0.4992717791411043,3.0,31.0,35.0,37.0,63.0,10.5394307246644,31.98,5440720.233748466,2332.535151664057,-0.1359921334528662,1073.719436987395,35,"subtract(ARG183, division(subtract(add(subtract(subtract(division(subtract(subtract(ARG228, ARG183), ARG183), subtract(ARG23, ARG289)), ARG183), subtract(ARG228, ARG289)), division(subtract(subtract(subtract(subtract(ARG230, ARG183), ARG183), ARG183), ARG183), ARG230)), subtract(ARG183, ARG289)), ARG228))"
135,3.091695388999142,5202797.461743364,5363340.138000955,5452036.497277556,6000000.9532172065,16500656.468164444,1762483.2656365794,6092513.867586813,3475781.7380391345,3572203.9878919558,3645149.955341415,3992489.203847178,10988303.322755257,1175685.3664064703,4062660.346254267,0.4895092024539877,0.49668711656441716,0.49993865030674844,0.5025153374233129,0.5096319018404908,0.004202984675379615,0.49966591751199657,3.0,29.0,35.0,37.0,61.0,11.56642460822798,31.0,5440720.233748466,2332.535151664057,-0.1359921334528662,1073.719436987395,35,"subtract(ARG183, division(subtract(add(subtract(subtract(division(subtract(subtract(ARG228, ARG183), ARG183), subtract(ARG23, ARG289)), ARG183), subtract(ARG228, ARG289)), division(subtract(subtract(subtract(subtract(ARG230, ARG183), ARG183), ARG183), ARG183), ARG230)), subtract(ARG183, ARG289)), ARG228))"
136,3.0532870940005523,5207090.172588266,5357708.411789785,5489084.6029720735,5991875.573979462,24378219.080863006,2937402.374813562,6232807.9741968345,3475781.7380391345,3577661.9540729774,3654535.2516691675,3978607.2744074077,16238199.134406727,1956502.1588475998,4154066.847924069,0.4908588957055215,0.4982515337423313,0.5006134969325153,0.5022852760736196,0.5074846625766871,0.0037158674079612766,0.5003680981595093,5.0,27.0,33.0,37.0,59.0,10.548383762453847,30.54,5440720.233748466,2332.535151664057,-0.1359921334528662,1073.719436987395,35,"subtract(ARG183, division(subtract(add(subtract(subtract(division(subtract(subtract(ARG228, ARG183), ARG183), subtract(ARG23, ARG289)), ARG183), subtract(ARG228, ARG289)), division(subtract(subtract(subtract(subtract(ARG230, ARG183), ARG183), ARG183), ARG183), ARG230)), subtract(ARG183, ARG289)), ARG228))"
137,3.060567966000235,5195637.417486211,5337934.0700149005,5472196.226755763,5779493.843281601,31919960.433796413,2690412.8616441563,5955444.238813203,3475781.7380391345,3567405.2856999515,3647515.594271768,3855267.588038635,21313098.274245515,1796704.4469427671,3971384.993355842,0.49079754601226994,0.4968098159509202,0.49938650306748467,0.5024539877300613,0.5096932515337423,0.003933877571932092,0.49967914110429457,3.0,27.0,35.0,37.0,61.0,11.439772725015127,30.46,5509791.250272051,2347.294453252947,-0.1504137776560872,1065.3121581062596,37,"subtract(ARG183, division(subtract(add(subtract(subtract(division(subtract(subtract(subtract(ARG289, ARG183), ARG183), ARG183), subtract(ARG23, ARG289)), ARG183), subtract(ARG228, ARG289)), division(subtract(subtract(subtract(subtract(ARG230, ARG183), ARG183), ARG183), ARG183), ARG230)), subtract(ARG183, ARG289)), ARG228))"
138,3.093911924999702,5193642.880894351,5278799.3698197305,5441639.626737516,5763655.796832823,72693691.40617609,8287982.412169817,6996144.197527955,3475781.7380391345,3524393.772432982,3635219.941387478,3852958.6924982304,48541875.047958635,5527183.950973752,4666119.538856269,0.489079754601227,0.49693251533742333,0.4987116564417178,0.5017791411042944,0.5106748466257669,0.0039703449031110545,0.4992273583186539,3.0,27.0,35.0,37.0,59.0,10.569917899191434,30.801980198019802,5509791.250272051,2347.294453252947,-0.1504137776560872,1065.3121581062596,37,"subtract(ARG183, division(subtract(add(subtract(subtract(division(subtract(subtract(subtract(ARG289, ARG183), ARG183), ARG183), subtract(ARG23, ARG289)), ARG183), subtract(ARG228, ARG289)), division(subtract(subtract(subtract(subtract(ARG230, ARG183), ARG183), ARG183), ARG183), ARG230)), subtract(ARG183, ARG289)), ARG228))"
139,3.0608522910006286,5211326.987480884,5294366.811162796,5404205.00625732,5646355.512946021,81548465.84634392,7879670.890107695,6558417.613324002,3475382.50009287,3524405.591135241,3603879.499883776,3766174.5136236288,54662992.69216622,5281433.134107322,4374438.745927509,0.4914723926380368,0.49760736196319016,0.5004294478527608,0.502776073619632,0.5128834355828221,0.0038879590631255836,0.5002515337423312,3.0,27.0,35.0,37.0,49.0,9.517877914745492,30.9,5509791.250272051,2347.294453252947,-0.1504137776560872,1065.3121581062596,37,"subtract(ARG183, division(subtract(add(subtract(subtract(division(subtract(subtract(subtract(ARG289, ARG183), ARG183), ARG183), subtract(ARG23, ARG289)), ARG183), subtract(ARG228, ARG289)), division(subtract(subtract(subtract(subtract(ARG230, ARG183), ARG183), ARG183), ARG183), ARG230)), subtract(ARG183, ARG289)), ARG228))"
140,3.0722645500027284,5188947.001255206,5262840.232005037,5391887.022749523,5601817.897341233,17056759.845395286,1264886.7718573608,5663656.214313995,3475382.50009287,3504415.4654449415,3599376.692479662,3725226.463416025,11359094.03006795,842847.3160303576,3775951.0836110716,0.488159509202454,0.49699386503067483,0.49966257668711656,0.5021625766871165,0.511840490797546,0.003901739204611987,0.4999447852760736,3.0,28.5,35.0,37.0,49.0,8.859255047688828,32.44,5509791.250272051,2347.294453252947,-0.1504137776560872,1065.3121581062596,37,"subtract(ARG183, division(subtract(add(subtract(subtract(division(subtract(subtract(subtract(ARG289, ARG183), ARG183), ARG183), subtract(ARG23, ARG289)), ARG183), subtract(ARG228, ARG289)), division(subtract(subtract(subtract(subtract(ARG230, ARG183), ARG183), ARG183), ARG183), ARG230)), subtract(ARG183, ARG289)), ARG228))"
141,3.0898704749997705,5195484.915064403,5255692.98292952,5329754.062805934,5527249.9156846395,9327737.255519826,581826.0418575513,5511914.464152336,3475382.50009287,3505129.1258645905,3552303.5354228723,3686365.3672981123,6225621.049257766,389099.8043751908,3673943.1249661655,0.4928834355828221,0.4982208588957055,0.5002453987730061,0.5025460122699387,0.5097546012269939,0.0032363427989993607,0.500316564417178,3.0,33.0,35.0,37.0,47.0,7.453616571839472,33.94,5439109.319550782,2332.1898120759342,-0.1356557835253538,1074.0495601991006,41,"subtract(ARG183, division(subtract(add(subtract(subtract(division(subtract(subtract(subtract(ARG289, ARG183), ARG183), subtract(ARG230, ARG289)), subtract(ARG23, ARG289)), ARG183), subtract(ARG228, ARG289)), division(subtract(subtract(subtract(subtract(subtract(ARG230, ARG23), ARG183), ARG183), ARG183), ARG183), ARG230)), subtract(ARG183, ARG289)), ARG228))"
142,3.0616659879997314,5190046.675905561,5255818.661335038,5356453.139789607,5598885.301368668,51545945.72382374,4963130.501331022,6267207.026300859,3475382.50009287,3502339.811765638,3571534.512418544,3736875.4359227465,34299433.1849415,3301183.560816721,4177801.538383134,0.49134969325153377,0.4972852760736196,0.4995092024539877,0.5020552147239264,0.5079754601226993,0.003426489884063571,0.499779754601227,1.0,29.0,35.0,37.0,55.0,11.409101629839222,31.18,5439109.319550782,2332.1898120759342,-0.1356557835253538,1074.0495601991006,41,"subtract(ARG183, division(subtract(add(subtract(subtract(division(subtract(subtract(subtract(ARG289, ARG183), ARG183), subtract(ARG230, ARG289)), subtract(ARG23, ARG289)), ARG183), subtract(ARG228, ARG289)), division(subtract(subtract(subtract(subtract(subtract(ARG230, ARG23), ARG183), ARG183), ARG183), ARG183), ARG230)), subtract(ARG183, ARG289)), ARG228))"
143,3.103025964999688,5173103.546932876,5260506.551685896,5366610.899755706,5641535.993349553,11182649.328044984,815286.3755857275,5654864.879224988,3475382.50009287,3505442.0925043193,3576264.621539071,3763610.3898963495,7408135.909251505,538946.185780332,3770597.69102056,0.48828220858895705,0.49668711656441716,0.49920245398773005,0.5023312883435582,0.5109815950920246,0.004325235000820686,0.49956508534289,3.0,31.0,35.0,37.0,51.0,9.559086755237523,32.00990099009901,5439109.319550782,2332.1898120759342,-0.1356557835253538,1074.0495601991006,41,"subtract(ARG183, division(subtract(add(subtract(subtract(division(subtract(subtract(subtract(ARG289, ARG183), ARG183), subtract(ARG230, ARG289)), subtract(ARG23, ARG289)), ARG183), subtract(ARG228, ARG289)), division(subtract(subtract(subtract(subtract(subtract(ARG230, ARG23), ARG183), ARG183), ARG183), ARG183), ARG230)), subtract(ARG183, ARG289)), ARG228))"
144,3.0770445609996386,5185889.313948954,5264574.9505249495,5351253.021654094,5543329.633502759,11065178.426404677,682641.6169128718,5565413.602847286,3472509.820501821,3505840.416830302,3571611.1024139207,3689153.1376324943,7348533.586636092,452969.7231950293,3709827.4759762306,0.4883435582822086,0.49743865030674844,0.4997546012269939,0.502776073619632,0.5095092024539877,0.004176594117756674,0.5001349693251533,3.0,31.0,35.0,39.0,61.0,9.911185600118687,32.78,5439109.319550782,2332.1898120759342,-0.1356557835253538,1074.0495601991006,41,"subtract(ARG183, division(subtract(add(subtract(subtract(division(subtract(subtract(subtract(ARG289, ARG183), ARG183), subtract(ARG230, ARG289)), subtract(ARG23, ARG289)), ARG183), subtract(ARG228, ARG289)), division(subtract(subtract(subtract(subtract(subtract(ARG230, ARG23), ARG183), ARG183), ARG183), ARG183), ARG230)), subtract(ARG183, ARG289)), ARG228))"
145,3.090309627001261,5194099.055542661,5249832.099342572,5367394.701118383,5548834.121178649,56866736.71301672,5651942.207560067,6296206.579247071,3472509.820501821,3504493.1018782225,3574338.7486591814,3691903.2841439256,38059035.45153654,3782022.949183971,4197242.893458442,0.49,0.4975306748466258,0.49993865030674844,0.5036196319018404,0.5121472392638037,0.0040701184229473015,0.5006343558282209,3.0,32.5,35.0,39.0,49.0,9.202173656261873,33.6,5362941.778503363,2315.8026207998305,-0.11975242445947076,1111.1320203681641,41,"subtract(ARG183, division(subtract(add(subtract(subtract(division(subtract(subtract(subtract(ARG289, ARG183), ARG183), subtract(ARG230, ARG289)), subtract(ARG23, ARG289)), ARG183), subtract(ARG228, ARG289)), division(subtract(subtract(subtract(subtract(subtract(ARG228, ARG183), ARG183), ARG183), ARG183), ARG183), ARG230)), subtract(ARG183, ARG289)), ARG228))"
146,3.0810535659984453,5182832.922084537,5251648.314509973,5424752.333868636,5711495.680153333,219844360.23141384,21932032.507932924,8669626.61939749,3472509.820501821,3501608.2530800747,3615223.475107589,3807657.619656259,146419182.4700517,14607156.413463628,5778051.004269136,0.4899386503067485,0.49734662576687116,0.5001226993865031,0.5017331288343558,0.5095705521472392,0.003843494581799699,0.4999546012269939,3.0,31.0,35.0,39.0,69.0,10.169051086507531,33.52,5362941.778503363,2315.8026207998305,-0.11975242445947076,1111.1320203681641,41,"subtract(ARG183, division(subtract(add(subtract(subtract(division(subtract(subtract(subtract(ARG289, ARG183), ARG183), subtract(ARG230, ARG289)), subtract(ARG23, ARG289)), ARG183), subtract(ARG228, ARG289)), division(subtract(subtract(subtract(subtract(subtract(ARG228, ARG183), ARG183), ARG183), ARG183), ARG183), ARG230)), subtract(ARG183, ARG289)), ARG228))"
147,3.1134987290024583,5185440.270129125,5247520.309798702,5416740.403504534,5666937.3710086085,20244798.252392486,2675749.8764947564,6104172.745791735,3472509.820501821,3500005.3273138194,3613362.6355042313,3792196.4632601864,13482195.273492299,1783558.2313242306,4068442.879431446,0.4906748466257669,0.49809815950920244,0.500920245398773,0.5031288343558282,0.5087116564417178,0.003930721829579366,0.5004343072344044,3.0,31.0,35.0,39.0,73.0,10.873180595805131,33.43564356435643,5508770.414351269,2347.076993699028,-0.15020063279185347,1065.3121581062596,39,"subtract(ARG183, division(subtract(add(subtract(subtract(division(subtract(subtract(subtract(ARG289, ARG183), ARG183), ARG183), subtract(ARG23, ARG289)), ARG183), subtract(ARG228, ARG289)), division(subtract(subtract(subtract(subtract(subtract(ARG230, ARG23), ARG183), ARG183), ARG183), ARG183), ARG230)), subtract(ARG183, ARG289)), ARG228))"
148,3.095358877999388,5182912.803833775,5242463.893705431,5356583.37221537,5594144.629727252,4892344113.219978,489367397.0472438,60977254.77342162,3472509.820501821,3496201.9640187547,3567556.9015535265,3722905.027155605,3264633767.776872,326552335.72167504,40684183.727343306,0.4895092024539877,0.49694785276073616,0.5000920245398773,0.5028680981595093,0.5119018404907976,0.004625320111540017,0.5000055214723926,1.0,31.0,35.0,41.0,55.0,9.758094076201562,33.86,5508770.414351269,2347.076993699028,-0.15020063279185347,1065.3121581062596,39,"subtract(ARG183, division(subtract(add(subtract(subtract(division(subtract(subtract(subtract(ARG289, ARG183), ARG183), ARG183), subtract(ARG23, ARG289)), ARG183), subtract(ARG228, ARG289)), division(subtract(subtract(subtract(subtract(subtract(ARG230, ARG23), ARG183), ARG183), ARG183), ARG183), ARG230)), subtract(ARG183, ARG289)), ARG228))"
149,3.1448763230000623,5191539.171457748,5230771.812718201,5334269.659992119,5597916.529633894,47345369.29370324,4307913.337815165,6077350.317005693,3468338.6268148245,3478654.089884681,3548775.5566660194,3726609.737922502,31438852.792087134,2860177.664998981,4049535.8968956447,0.491840490797546,0.4977300613496933,0.5004294478527608,0.5026993865030674,0.5087730061349693,0.0033562877617830658,0.5003875356860839,3.0,31.0,35.0,41.0,51.0,9.38371527391615,34.84158415841584,5437878.934984005,2331.9260140459014,-0.13539888606896344,1074.4104015880935,43,"subtract(ARG183, division(subtract(add(subtract(subtract(division(subtract(subtract(subtract(ARG289, ARG183), ARG183), subtract(ARG230, ARG289)), subtract(ARG23, ARG289)), ARG183), subtract(ARG228, ARG289)), division(subtract(subtract(subtract(subtract(subtract(ARG230, ARG183), ARG183), ARG183), subtract(ARG624, ARG249)), ARG183), ARG230)), subtract(ARG183, ARG289)), ARG228))"
150,3.10434825899938,5191420.912862047,5231784.245481623,5345679.044965261,5527695.5831687,11162332.119953025,678070.4098158275,5534720.082482147,3468338.6268148245,3477962.7820040327,3568235.3347600857,3687999.050068077,7422732.276241608,451066.41099110275,3690213.867188928,0.49226993865030677,0.49743865030674844,0.49990797546012267,0.5022699386503068,0.5106134969325153,0.003597198811073193,0.49982883435582826,3.0,33.0,37.0,41.0,51.0,10.639548862616309,35.0,5437878.934984005,2331.9260140459014,-0.13539888606896344,1074.4104015880935,43,"subtract(ARG183, division(subtract(add(subtract(subtract(division(subtract(subtract(subtract(ARG289, ARG183), ARG183), subtract(ARG230, ARG289)), subtract(ARG23, ARG289)), ARG183), subtract(ARG228, ARG289)), division(subtract(subtract(subtract(subtract(subtract(ARG230, ARG183), ARG183), ARG183), subtract(ARG624, ARG249)), ARG183), ARG230)), subtract(ARG183, ARG289)), ARG228))"
151,3.131117175998952,5197679.832303726,5235990.674605962,5389246.701244867,5654316.739117449,14938998.47323601,1367005.4511090762,5753648.0840482665,3468279.850752492,3498024.889774249,3589103.6726453872,3765626.78914157,9961369.405348618,911517.5949586497,3834003.4009508407,0.49116564417177916,0.49789877300613494,0.5004907975460122,0.5034815950920246,0.5139877300613497,0.004125240005586614,0.5006840490797546,3.0,33.0,39.0,41.0,61.0,10.065704148245167,36.04,5437878.934984005,2331.9260140459014,-0.13539888606896344,1074.4104015880935,43,"subtract(ARG183, division(subtract(add(subtract(subtract(division(subtract(subtract(subtract(ARG289, ARG183), ARG183), subtract(ARG230, ARG289)), subtract(ARG23, ARG289)), ARG183), subtract(ARG228, ARG289)), division(subtract(subtract(subtract(subtract(subtract(ARG230, ARG183), ARG183), ARG183), subtract(ARG624, ARG249)), ARG183), ARG230)), subtract(ARG183, ARG289)), ARG228))"
152,3.1123659850018157,5186191.382716561,5234693.362161687,5374036.586762337,5673302.403695158,45487185.258267194,4011996.4175583655,5964011.547650726,3468338.6268148245,3478654.089884681,3583345.7418152317,3788509.121466272,30357071.720838323,2677713.2799085462,3975055.244522922,0.4928834355828221,0.4975920245398773,0.5001840490797546,0.5030674846625767,0.5088343558282209,0.0035467634587615492,0.5004527607361964,3.0,33.0,38.0,41.0,55.0,10.203430795570673,35.5,5437878.934984005,2331.9260140459014,-0.13539888606896344,1074.4104015880935,43,"subtract(ARG183, division(subtract(add(subtract(subtract(division(subtract(subtract(subtract(ARG289, ARG183), ARG183), subtract(ARG230, ARG289)), subtract(ARG23, ARG289)), ARG183), subtract(ARG228, ARG289)), division(subtract(subtract(subtract(subtract(subtract(ARG230, ARG183), ARG183), ARG183), subtract(ARG624, ARG249)), ARG183), ARG230)), subtract(ARG183, ARG289)), ARG228))"
153,3.1371514599995862,5179314.755539855,5241650.148193489,5404091.834287703,5730152.795708086,205981753.62455183,25794615.76766303,9799998.411699146,3468338.6268148245,3496201.9640187547,3604393.711768761,3829352.4195879977,137675916.84422827,17241499.57157369,6540714.798535733,0.48938650306748466,0.49650306748466255,0.49920245398773005,0.5023312883435583,0.513680981595092,0.0043703972058966095,0.4994685051327219,3.0,31.0,37.0,43.0,51.0,11.465705632297789,34.62376237623762,5439854.503398767,2332.349567152996,-0.13581137376946062,1073.7821132804038,43,"subtract(ARG183, division(subtract(add(subtract(subtract(division(subtract(subtract(subtract(ARG289, ARG183), ARG183), subtract(ARG230, ARG289)), subtract(ARG23, ARG289)), ARG183), subtract(ARG228, ARG289)), division(subtract(subtract(subtract(subtract(subtract(ARG230, ARG183), ARG183), ARG183), division(ARG289, ARG289)), ARG183), ARG230)), subtract(ARG183, ARG289)), ARG228))"
154,3.1259355820002384,5187683.01471915,5226081.950135839,5358829.012936949,5569574.623065563,30341327.628489807,2897278.5321109705,5895482.223158245,3468338.6268148245,3475813.72569884,3567044.851658225,3717193.1495908494,20187094.99752577,1928222.1654321463,3928870.9002039256,0.4897546012269939,0.4978374233128835,0.5007668711656441,0.5027300613496932,0.5093865030674847,0.0041203407655665235,0.500480981595092,3.0,34.5,39.0,43.0,51.0,9.656997462979888,36.68,5440230.786633215,2332.4302318897376,-0.1358899396166129,1073.7388560339714,45,"subtract(ARG183, division(subtract(add(subtract(subtract(division(subtract(subtract(subtract(ARG289, ARG183), ARG183), subtract(ARG230, ARG289)), subtract(ARG23, ARG289)), ARG183), subtract(ARG228, ARG289)), division(subtract(subtract(subtract(subtract(subtract(ARG230, ARG183), ARG183), ARG183), division(subtract(ARG183, ARG183), ARG289)), ARG183), ARG230)), subtract(ARG183, ARG289)), ARG228))"
155,3.1790684170009627,5186450.083220423,5225660.240562801,5299423.360446189,5538510.0604112,314502356.91721475,30597275.395116564,8631125.86090532,3468338.6268148245,3475829.9628522694,3547060.6725491993,3686760.892910628,210011815.5571733,20432145.066853896,5757704.803248342,0.49214723926380366,0.4974233128834356,0.4998159509202454,0.5023926380368098,0.5119631901840491,0.0037963592539444688,0.49986818927291504,3.0,35.0,41.0,43.0,57.0,10.082728090379849,38.10891089108911,5440230.786633215,2332.4302318897376,-0.1358899396166129,1073.7388560339714,45,"subtract(ARG183, division(subtract(add(subtract(subtract(division(subtract(subtract(subtract(ARG289, ARG183), ARG183), subtract(ARG230, ARG289)), subtract(ARG23, ARG289)), ARG183), subtract(ARG228, ARG289)), division(subtract(subtract(subtract(subtract(subtract(ARG230, ARG183), ARG183), ARG183), division(subtract(ARG183, ARG183), ARG289)), ARG183), ARG230)), subtract(ARG183, ARG289)), ARG228))"
156,3.1869284700005664,5190752.067417937,5233062.930060097,5408953.492140565,5594477.699740706,197553883.8458126,19019018.98918398,7424237.923942628,3468402.0090052504,3498250.518443736,3603218.137436459,3739286.771877373,131203532.84792997,12629923.504508222,4944530.591406805,0.49134969325153377,0.4967484662576687,0.5001840490797546,0.502638036809816,0.5114110429447852,0.003953894354205234,0.5000443418574986,9.0,35.0,41.0,45.0,69.0,9.991114570249282,38.86138613861386,5440230.786633215,2332.4302318897376,-0.1358899396166129,1073.7388560339714,45,"subtract(ARG183, division(subtract(add(subtract(subtract(division(subtract(subtract(subtract(ARG289, ARG183), ARG183), subtract(ARG230, ARG289)), subtract(ARG23, ARG289)), ARG183), subtract(ARG228, ARG289)), division(subtract(subtract(subtract(subtract(subtract(ARG230, ARG183), ARG183), ARG183), division(subtract(ARG183, ARG183), ARG289)), ARG183), ARG230)), subtract(ARG183, ARG289)), ARG228))"
157,3.1698169100018276,5173229.1348954635,5218280.005689022,5329801.668319369,5581073.623039141,22711338.856714223,1870766.7245205718,5720357.534910478,3473371.663171992,3475719.2277702987,3557304.7126287706,3724672.748145765,15060814.620196983,1240058.9661811932,3814141.065224718,0.4874233128834356,0.4977300613496933,0.4992638036809816,0.5014110429447853,0.5085889570552147,0.0038020639745187028,0.4995251533742331,5.0,35.0,43.0,45.0,57.0,7.967408612591675,39.98,5440230.786633215,2332.4302318897376,-0.1358899396166129,1073.7388560339714,45,"subtract(ARG183, division(subtract(add(subtract(subtract(division(subtract(subtract(subtract(ARG289, ARG183), ARG183), subtract(ARG230, ARG289)), subtract(ARG23, ARG289)), ARG183), subtract(ARG228, ARG289)), division(subtract(subtract(subtract(subtract(subtract(ARG230, ARG183), ARG183), ARG183), division(subtract(ARG183, ARG183), ARG289)), ARG183), ARG230)), subtract(ARG183, ARG289)), ARG228))"
158,3.203054425997834,5179183.075848841,5214914.960045388,5258273.058372079,5510412.948229964,11841866.21972928,721583.5447797948,5499561.801375152,3473366.481277354,3475675.5789178684,3506232.3931873553,3678067.523818161,7874609.145789297,479198.50542456185,3666289.324030776,0.49012269938650305,0.4973006134969325,0.49969325153374233,0.5028220858895706,0.5123926380368098,0.0037927781135753827,0.4999902812367126,3.0,39.0,43.0,45.0,69.0,10.528025906004514,40.148514851485146,5439334.601914351,2332.2381100381563,-0.1357028212302578,1073.7927978202724,41,"subtract(ARG183, division(subtract(add(subtract(subtract(division(subtract(subtract(subtract(ARG289, ARG183), ARG183), subtract(ARG230, ARG289)), subtract(ARG23, ARG289)), ARG183), subtract(ARG228, ARG289)), division(subtract(subtract(subtract(subtract(subtract(ARG228, ARG183), ARG183), ARG183), ARG183), ARG289), ARG230)), subtract(ARG183, ARG289)), ARG228))"
159,3.1577033739995386,5190820.20637629,5214661.269189041,5272552.139603024,5458415.604792696,9482722.9636227,711511.8265139532,5494584.828944283,3473366.481277354,3475675.6240189862,3505278.560062629,3636687.7179628685,6302482.540552498,471230.8269760457,3661735.634653507,0.4930674846625767,0.4974846625766871,0.5005828220858896,0.5031288343558282,0.5110429447852761,0.003823035854726463,0.5004282208588957,3.0,37.0,43.0,45.0,57.0,9.612491872558333,39.4,5439334.601914351,2332.2381100381563,-0.1357028212302578,1073.7927978202724,41,"subtract(ARG183, division(subtract(add(subtract(subtract(division(subtract(subtract(subtract(ARG289, ARG183), ARG183), subtract(ARG230, ARG289)), subtract(ARG23, ARG289)), ARG183), subtract(ARG228, ARG289)), division(subtract(subtract(subtract(subtract(subtract(ARG228, ARG183), ARG183), ARG183), ARG183), ARG289), ARG230)), subtract(ARG183, ARG289)), ARG228))"
160,3.1951883969995833,5178879.443496028,5214995.998592917,5241020.339403443,5480258.367580818,57110161.25596501,5154749.318882057,6027517.834460372,3468382.794156613,3475675.5789178684,3496370.522569327,3658156.103541138,38151460.1832881,3443964.3321612375,4019071.6422113106,0.49006134969325155,0.49760736196319016,0.4994478527607362,0.5025153374233129,0.512760736196319,0.0041571942509711565,0.4999331835023993,3.0,35.0,43.0,45.0,47.0,10.433520365670482,38.42574257425743,5439334.601914351,2332.2381100381563,-0.1357028212302578,1073.7927978202724,41,"subtract(ARG183, division(subtract(add(subtract(subtract(division(subtract(subtract(subtract(ARG289, ARG183), ARG183), subtract(ARG230, ARG289)), subtract(ARG23, ARG289)), ARG183), subtract(ARG228, ARG289)), division(subtract(subtract(subtract(subtract(subtract(ARG228, ARG183), ARG183), ARG183), ARG183), ARG289), ARG230)), subtract(ARG183, ARG289)), ARG228))"
161,3.185851508002088,5181102.250165787,5221208.382848945,5302294.379776109,5555667.286937837,21444718.748904765,2175927.2126194127,5779756.551063423,3468382.794156613,3475692.3730591405,3547922.758224572,3711367.900700276,14276626.18882322,1450711.504047109,3853900.1924742,0.49030674846625766,0.49650306748466255,0.49993865030674844,0.5024539877300613,0.5126993865030675,0.004446708848505196,0.4997132964830226,5.0,39.0,41.0,45.0,59.0,9.789791401492517,38.960396039603964,5439854.503398767,2332.349567152996,-0.13581137376946062,1073.7821132804038,43,"subtract(ARG183, division(subtract(add(subtract(subtract(division(subtract(subtract(subtract(ARG289, ARG183), ARG183), subtract(ARG230, ARG289)), subtract(ARG23, ARG289)), ARG183), subtract(ARG228, ARG289)), division(subtract(subtract(subtract(subtract(subtract(ARG230, ARG183), ARG183), ARG183), division(ARG289, ARG289)), ARG183), ARG230)), subtract(ARG183, ARG289)), ARG228))"
162,3.155330303001392,5183021.245199793,5225193.277523058,5303992.448965661,5496708.286831932,6703259.84256123,314322.0060432167,5434166.593589093,3468335.8682026644,3475729.706435562,3541962.08440922,3665981.0579873156,4476162.860866368,208255.92965198975,3622642.1353517175,0.49122699386503066,0.49697852760736194,0.5001840490797547,0.5023466257668712,0.5098773006134969,0.003798665603021885,0.5000319018404908,7.0,37.0,41.0,45.0,55.0,8.618027616572135,39.36,5440795.745687153,2332.5513382747126,-0.13600789992580453,1073.8883701511982,41,"subtract(ARG183, division(subtract(add(subtract(subtract(division(subtract(subtract(subtract(ARG289, ARG183), ARG183), ARG289), subtract(ARG23, ARG289)), ARG183), subtract(ARG228, ARG289)), division(subtract(subtract(subtract(subtract(subtract(ARG230, ARG183), ARG183), ARG183), division(ARG289, ARG289)), ARG183), ARG230)), subtract(ARG183, ARG289)), ARG228))"
163,3.1739303680005833,5185007.837318624,5220763.0415396,5303039.594978208,5498796.100048332,57257997.66466586,5167878.871577715,5933111.604066534,3468329.4206369575,3475712.0609174045,3530196.6722786473,3661196.209031265,38178244.372660294,3445861.866908705,3954474.5860040365,0.4920245398773006,0.49765337423312883,0.4997546012269939,0.5029907975460123,0.5115337423312883,0.00388425465538236,0.5003766871165644,5.0,39.0,43.0,45.0,59.0,7.996474223056059,40.58,5365392.678942064,2316.3317290366817,-0.1202641588436375,1111.0596389863344,41,"subtract(ARG183, division(subtract(add(subtract(subtract(division(subtract(subtract(subtract(ARG23, ARG183), ARG183), ARG289), subtract(ARG23, ARG289)), ARG183), subtract(ARG228, ARG289)), division(subtract(subtract(subtract(subtract(subtract(ARG230, ARG183), ARG183), ARG183), subtract(ARG183, ARG289)), ARG183), ARG230)), subtract(ARG183, ARG289)), ARG228))"
164,3.143174929999077,5181216.0363503015,5224271.8531197505,5262742.057042084,5509242.611592035,29815325.851447403,2935521.2613592343,5911986.590894993,3468329.4206369575,3475675.6240189862,3506002.629883129,3675810.467122649,19853335.97690235,1954520.3030431995,3940956.0186488335,0.4899386503067485,0.49717791411042944,0.5001226993865031,0.5027147239263803,0.507361963190184,0.0035857674988537306,0.500060736196319,3.0,36.5,43.0,45.0,51.0,11.297150083096179,38.12,5365392.678942064,2316.3317290366817,-0.1202641588436375,1111.0596389863344,41,"subtract(ARG183, division(subtract(add(subtract(subtract(division(subtract(subtract(subtract(ARG23, ARG183), ARG183), ARG289), subtract(ARG23, ARG289)), ARG183), subtract(ARG228, ARG289)), division(subtract(subtract(subtract(subtract(subtract(ARG230, ARG183), ARG183), ARG183), subtract(ARG183, ARG289)), ARG183), ARG230)), subtract(ARG183, ARG289)), ARG228))"
165,3.2194234390008205,5191623.370826124,5218326.606582604,5319324.151519496,5493390.128370393,4899769309.232016,678628641.4766731,102174183.84248348,3468329.4206369575,3475685.1541942297,3548253.798786436,3664592.14884577,3261976790.576779,453779035.65091634,68309464.57081234,0.4888957055214724,0.49754601226993866,0.5001226993865031,0.5020858895705521,0.5131288343558282,0.0037491202098594244,0.4999550507197959,5.0,41.0,43.0,45.0,51.0,7.616841400109375,41.05940594059406,5365392.678942064,2316.3317290366817,-0.1202641588436375,1111.0596389863344,41,"subtract(ARG183, division(subtract(add(subtract(subtract(division(subtract(subtract(subtract(ARG23, ARG183), ARG183), ARG289), subtract(ARG23, ARG289)), ARG183), subtract(ARG228, ARG289)), division(subtract(subtract(subtract(subtract(subtract(ARG230, ARG183), ARG183), ARG183), subtract(ARG183, ARG289)), ARG183), ARG230)), subtract(ARG183, ARG289)), ARG228))"
166,3.167527229998086,5181428.817296353,5223635.660967703,5306418.161708331,5579055.096329707,98952558.01777294,9504920.03878386,6625677.988403822,3468329.4206369575,3475643.6426290264,3533565.4398292555,3720205.449414014,66277395.45076015,6365591.118004259,4419477.7613890655,0.4901840490797546,0.49802147239263805,0.5002760736196319,0.5024846625766871,0.508282208588957,0.0033951678516478965,0.5000773006134971,3.0,37.0,43.0,45.0,61.0,10.891666539148176,39.46,5440197.648674887,2332.423128138393,-0.13588302059516688,1073.8535987667406,45,"subtract(ARG183, division(subtract(add(subtract(subtract(division(subtract(subtract(subtract(ARG289, ARG183), ARG183), subtract(ARG228, ARG289)), subtract(ARG23, ARG289)), ARG183), subtract(ARG228, ARG289)), division(subtract(subtract(subtract(subtract(subtract(ARG230, ARG183), ARG183), ARG183), division(subtract(ARG183, ARG289), ARG183)), ARG183), ARG230)), subtract(ARG183, ARG289)), ARG228))"
167,3.2005003429985663,5173130.360400351,5214958.571337924,5318982.000685701,5565226.458519749,29786093.94571454,2625146.0404050346,5874642.083716542,3468329.4206369575,3475614.9097902365,3549093.506600007,3717148.32510313,19853335.97690235,1749365.350286432,3917347.8524436443,0.4904294478527607,0.497239263803681,0.4994478527607362,0.5016564417177914,0.5107361963190185,0.0038649235176190875,0.49957966348782124,3.0,39.0,45.0,47.0,55.0,10.407631444054267,40.08910891089109,5363046.630204509,2315.8252589961335,-0.11977431691167628,1111.3156170811478,41,"subtract(ARG183, division(subtract(add(subtract(subtract(division(subtract(subtract(subtract(ARG289, ARG183), ARG183), subtract(ARG289, ARG289)), subtract(ARG23, ARG289)), ARG183), subtract(ARG228, ARG289)), division(subtract(subtract(subtract(subtract(subtract(ARG230, ARG183), ARG183), ARG183), ARG183), ARG183), ARG230)), subtract(ARG183, ARG289)), ARG228))"
168,3.195839583000634,5179513.788781891,5213513.368376803,5268921.861080818,5553320.161056049,7142993.495633192,394794.97147000144,5444358.394690587,3468329.4206369575,3475410.199947186,3508082.6919252807,3688718.0750867003,4762190.436370446,263019.6037762945,3629713.999730911,0.48773006134969327,0.49791411042944783,0.5,0.5019018404907976,0.5100613496932516,0.0041762196839683925,0.4999416874202757,3.0,39.0,43.0,47.0,55.0,10.795475893842378,39.851485148514854,5363046.630204509,2315.8252589961335,-0.11977431691167628,1111.3156170811478,41,"subtract(ARG183, division(subtract(add(subtract(subtract(division(subtract(subtract(subtract(ARG289, ARG183), ARG183), subtract(ARG289, ARG289)), subtract(ARG23, ARG289)), ARG183), subtract(ARG228, ARG289)), division(subtract(subtract(subtract(subtract(subtract(ARG230, ARG183), ARG183), ARG183), ARG183), ARG183), ARG230)), subtract(ARG183, ARG289)), ARG228))"
169,3.1553439640010765,5175896.512699017,5217854.125856418,5287765.845273679,5546315.349052843,17134493.573471636,1968243.0461458943,5812335.489706147,3468317.3022955335,3475614.9097902365,3529554.92230381,3698066.7262722133,11435624.01210284,1312494.130801096,3873348.7988044196,0.49233128834355827,0.49777607361963194,0.5007055214723926,0.5027914110429448,0.5103067484662577,0.004016859909985942,0.5006613496932516,5.0,35.0,41.0,47.0,59.0,9.812237257628864,39.2,5445604.362233319,2333.5818739082883,-0.13701191232389687,1076.0519755378243,45,"subtract(ARG183, division(subtract(add(subtract(subtract(division(subtract(subtract(subtract(ARG289, ARG183), ARG183), subtract(ARG61, ARG289)), subtract(ARG23, ARG289)), ARG183), subtract(ARG228, ARG289)), division(subtract(subtract(subtract(subtract(multiply(division(ARG231, ARG282), multiply(ARG438, ARG340)), ARG183), ARG183), ARG183), ARG183), ARG230)), subtract(ARG183, ARG289)), ARG228))"
170,3.2024419469998975,5182279.941080558,5211337.784184303,5285791.163413264,5509433.398146059,78021597.84564435,7301934.036105868,6317334.551745599,3468317.3022955335,3475202.2983363215,3519490.341525507,3662230.574928189,51967638.31660685,4863936.718870229,4211456.041292222,0.48932515337423316,0.4977147239263804,0.49966257668711656,0.5021779141104294,0.5116564417177915,0.004087624449752524,0.4999969325153375,11.0,41.0,45.0,47.0,57.0,7.808994813674806,41.86,5441004.026637872,2332.595984442628,-0.13605138783023607,1073.655997472274,47,"subtract(ARG183, division(subtract(add(subtract(subtract(division(subtract(subtract(subtract(ARG289, ARG183), ARG183), subtract(ARG228, ARG289)), subtract(ARG23, ARG289)), ARG183), subtract(ARG228, ARG289)), division(subtract(subtract(subtract(subtract(subtract(ARG228, ARG183), ARG183), ARG183), division(subtract(ARG289, add(ARG14, ARG415)), ARG183)), ARG183), ARG230)), subtract(ARG183, ARG289)), ARG228))"
171,3.1580514519991993,5188876.15040815,5215096.653516364,5348469.044751689,5568742.241781946,19840996.80117539,1499371.8793979746,5684021.101041308,3468329.4206369575,3475624.9731092034,3561460.787999232,3716903.2301402567,13235451.109439692,1000430.2501997678,3789769.900978652,0.49006134969325155,0.49760736196319016,0.5001533742331288,0.5023926380368098,0.5086503067484662,0.0033628628839603705,0.4998619631901841,3.0,33.0,41.0,47.0,59.0,12.063564978894092,38.52,5441004.026637872,2332.595984442628,-0.13605138783023607,1073.655997472274,47,"subtract(ARG183, division(subtract(add(subtract(subtract(division(subtract(subtract(subtract(ARG289, ARG183), ARG183), subtract(ARG228, ARG289)), subtract(ARG23, ARG289)), ARG183), subtract(ARG228, ARG289)), division(subtract(subtract(subtract(subtract(subtract(ARG228, ARG183), ARG183), ARG183), division(subtract(ARG289, add(ARG14, ARG415)), ARG183)), ARG183), ARG230)), subtract(ARG183, ARG289)), ARG228))"
172,3.219185789999756,5178237.103105582,5212762.3490321115,5281633.695995833,5484670.057758464,11834225.28527287,823741.7299610202,5522514.479944714,3468329.4206369575,3475624.9731092034,3514324.526644763,3657643.4801351344,7874989.67748307,546114.461389113,3680174.682885472,0.4924539877300613,0.49828220858895705,0.5003067484662577,0.5028834355828221,0.5101840490797546,0.0037288722584094907,0.500503553422827,3.0,39.0,45.0,47.0,59.0,9.54747089906912,40.881188118811885,5441004.026637872,2332.595984442628,-0.13605138783023607,1073.655997472274,47,"subtract(ARG183, division(subtract(add(subtract(subtract(division(subtract(subtract(subtract(ARG289, ARG183), ARG183), subtract(ARG228, ARG289)), subtract(ARG23, ARG289)), ARG183), subtract(ARG228, ARG289)), division(subtract(subtract(subtract(subtract(subtract(ARG228, ARG183), ARG183), ARG183), division(subtract(ARG289, add(ARG14, ARG415)), ARG183)), ARG183), ARG230)), subtract(ARG183, ARG289)), ARG228))"
173,3.211622584996803,5172066.455670094,5215460.668767368,5266550.095386022,5471958.564262341,36873615066.27071,3650287572.9135485,370756851.09145576,3468329.4206369575,3475614.9097902365,3514083.8771067387,3649126.770383691,24564325877.890007,2431734539.735148,246992167.39020753,0.49122699386503066,0.4973006134969325,0.5004294478527608,0.5023926380368098,0.5090184049079755,0.0036052041510201893,0.5000066816497601,5.0,39.0,45.0,47.0,87.0,8.866335251615507,41.89108910891089,5364612.32255668,2316.163276316391,-0.12010122476928697,1111.246631784223,41,"subtract(ARG183, division(subtract(add(subtract(subtract(division(subtract(subtract(subtract(ARG289, ARG183), ARG183), ARG228), subtract(ARG23, ARG289)), ARG183), subtract(ARG228, ARG289)), division(subtract(subtract(subtract(subtract(subtract(ARG230, ARG183), ARG183), ARG183), subtract(ARG183, ARG289)), ARG183), ARG230)), subtract(ARG183, ARG289)), ARG228))"
174,3.218369531001372,5179519.127221757,5213115.299920779,5259460.136868184,5502811.722189106,25168191.39315499,2046088.3526174107,5686542.184932944,3468329.4206369575,3475202.2983363215,3505953.230110548,3670719.7859066725,16812488.00083711,1367461.155776672,3791415.286448051,0.48957055214723927,0.498159509202454,0.5,0.501840490797546,0.5095092024539877,0.003710200337188666,0.4999690214420216,3.0,37.0,43.0,47.0,57.0,11.215649995566757,39.65346534653465,5439535.391150577,2332.2811561110243,-0.13574474490635846,1073.9167097709196,45,"subtract(ARG183, division(subtract(add(subtract(subtract(division(subtract(subtract(subtract(ARG289, ARG183), ARG183), subtract(ARG23, ARG289)), subtract(ARG23, ARG289)), ARG183), subtract(ARG228, ARG289)), division(subtract(subtract(subtract(subtract(subtract(ARG230, ARG183), ARG183), ARG183), division(subtract(ARG183, ARG289), ARG183)), ARG183), ARG230)), subtract(ARG183, ARG289)), ARG228))"
175,3.2003116470004898,5181216.0363503015,5211643.711635645,5274672.040640157,5466121.257037746,9263880.300436353,509646.5522069443,5446251.438065307,3468329.4206369575,3475202.2983363215,3506234.4203104526,3642630.9766355357,6177183.427985786,340004.7476955675,3630601.3851712183,0.4892638036809816,0.49809815950920244,0.49993865030674844,0.502760736196319,0.5086503067484662,0.00398060426572699,0.5001069063961612,5.0,37.0,41.0,47.0,59.0,9.382670537802078,39.693069306930695,5415833.625334553,2327.1943677601475,-0.1307959479899261,1078.2443927022675,47,"subtract(ARG183, division(subtract(add(subtract(subtract(division(subtract(subtract(subtract(division(ARG614, ARG389), ARG183), ARG183), subtract(ARG230, ARG289)), subtract(ARG23, ARG289)), ARG183), subtract(ARG228, ARG289)), division(subtract(subtract(subtract(subtract(subtract(ARG230, ARG183), ARG183), ARG183), division(subtract(ARG183, ARG228), ARG289)), ARG183), ARG230)), subtract(ARG183, ARG289)), ARG228))"
176,3.181934716998512,5177598.760267429,5215899.330556671,5270219.153768479,5521642.787819678,15252124.977811716,1053929.8190519619,5565944.504508504,3468329.4206369575,3475410.199947186,3501301.1598303206,3688442.651562725,10205231.194874225,706256.5959701174,3708685.049620787,0.4913496932515337,0.4982208588957055,0.5007361963190184,0.5039877300613497,0.5109815950920246,0.004030207034791578,0.500905667253842,3.0,37.0,41.0,45.0,53.0,11.548001455401684,37.99009900990099,5415833.625334553,2327.1943677601475,-0.1307959479899261,1078.2443927022675,47,"subtract(ARG183, division(subtract(add(subtract(subtract(division(subtract(subtract(subtract(division(ARG614, ARG389), ARG183), ARG183), subtract(ARG230, ARG289)), subtract(ARG23, ARG289)), ARG183), subtract(ARG228, ARG289)), division(subtract(subtract(subtract(subtract(subtract(ARG230, ARG183), ARG183), ARG183), division(subtract(ARG183, ARG228), ARG289)), ARG183), ARG230)), subtract(ARG183, ARG289)), ARG228))"
177,3.131193451001309,5175706.195976229,5214926.875045186,5259139.176539997,5488278.403521581,16465960.311626509,1608075.9892175323,5716205.280074528,3468329.4206369575,3475138.069864228,3498510.9125160184,3658820.2623417387,10920582.376999313,1066627.866134952,3810400.900863436,0.4893251533742331,0.49743865030674844,0.49993865030674844,0.5024693251533743,0.5077914110429448,0.00333773337381426,0.4999392638036809,3.0,37.0,41.0,45.0,59.0,11.698393052039242,37.74,5364702.1612300165,2316.1826700910306,-0.12011998258476098,1111.2043777328968,41,"subtract(ARG183, division(subtract(add(subtract(subtract(division(subtract(subtract(subtract(ARG289, ARG183), ARG183), ARG289), subtract(ARG23, ARG289)), ARG183), subtract(ARG228, ARG289)), division(subtract(subtract(subtract(subtract(subtract(ARG230, ARG183), ARG183), ARG183), subtract(ARG183, ARG289)), ARG183), ARG230)), subtract(ARG183, ARG289)), ARG228))"
178,3.1441929760003404,5183982.188648969,5217770.368312599,5297261.203074135,5566843.01614981,263135129.2189565,25643192.33113291,8131619.948481939,3468329.4206369575,3475358.2245444697,3525244.4016769216,3711602.670826416,174687517.05571583,17022268.822252892,5413866.116524553,0.48914110429447855,0.497760736196319,0.49984662576687117,0.5023312883435582,0.5087730061349693,0.0036525372882973877,0.49999325153374236,3.0,33.0,41.0,45.0,53.0,10.366773847248718,38.3,5364612.32255668,2316.163276316391,-0.12010122476928697,1111.246631784223,41,"subtract(ARG183, division(subtract(add(subtract(subtract(division(subtract(subtract(subtract(ARG289, ARG183), ARG183), ARG228), subtract(ARG23, ARG289)), ARG183), subtract(ARG228, ARG289)), division(subtract(subtract(subtract(subtract(subtract(ARG230, ARG183), ARG183), ARG183), subtract(ARG183, ARG289)), ARG183), ARG230)), subtract(ARG183, ARG289)), ARG228))"
179,3.1810060360003263,5184859.2775769085,5214457.75516106,5276277.5813069325,5522276.661185652,28283426582.907185,2799775948.3106894,285671169.0489617,3468329.4206369575,3475138.069864228,3517653.0787793,3685135.0846362947,18943166918.740482,1875185567.5305943,191313933.26055145,0.4915337423312883,0.4979754601226994,0.49969325153374233,0.5023926380368098,0.5082208588957056,0.0035024692684636955,0.4999726659782542,3.0,35.0,43.0,45.0,53.0,10.356303124684597,38.663366336633665,5416586.8895173175,2327.3562016840733,-0.13095322536300702,1078.133485920764,45,"subtract(ARG183, division(subtract(add(subtract(subtract(division(subtract(subtract(subtract(ARG23, ARG183), ARG183), subtract(ARG230, ARG289)), subtract(ARG23, ARG289)), ARG183), subtract(ARG228, ARG289)), division(subtract(subtract(subtract(subtract(subtract(ARG230, ARG183), ARG183), ARG183), division(subtract(ARG183, ARG228), ARG289)), ARG183), ARG230)), subtract(ARG183, ARG289)), ARG228))"
180,3.1246209720011393,5179939.350673994,5214384.382034179,5280459.022320531,5702049.287707256,97890940.27323918,11262045.689734608,7405560.3364418205,3468329.4206369575,3473677.293202314,3519906.673777839,3796109.992197357,65311380.06851126,7509976.2383493595,4937309.550739802,0.4906748466257669,0.4974846625766871,0.49978527607361967,0.5023466257668712,0.511840490797546,0.004086694360579621,0.5000705521472393,3.0,33.0,43.0,45.0,77.0,13.982331708266686,36.88,5416586.8895173175,2327.3562016840733,-0.13095322536300702,1078.133485920764,45,"subtract(ARG183, division(subtract(add(subtract(subtract(division(subtract(subtract(subtract(ARG23, ARG183), ARG183), subtract(ARG230, ARG289)), subtract(ARG23, ARG289)), ARG183), subtract(ARG228, ARG289)), division(subtract(subtract(subtract(subtract(subtract(ARG230, ARG183), ARG183), ARG183), division(subtract(ARG183, ARG228), ARG289)), ARG183), ARG230)), subtract(ARG183, ARG289)), ARG228))"
181,3.1470666749992233,5170616.9816064015,5205707.942765595,5241970.730442291,5454478.215379181,12710374.943465855,1284441.6802483583,5698570.56084903,3468302.233403967,3471908.890991028,3496264.8413540972,3631332.1960331704,8483993.10313241,854851.5950617191,3798341.0965789976,0.49079754601226994,0.4972852760736196,0.49990797546012267,0.502760736196319,0.5095092024539878,0.004090155798860958,0.5001871165644172,3.0,35.0,43.0,47.0,55.0,12.167892175722136,38.68,5416586.8895173175,2327.3562016840733,-0.13095322536300702,1078.133485920764,45,"subtract(ARG183, division(subtract(add(subtract(subtract(division(subtract(subtract(subtract(ARG23, ARG183), ARG183), subtract(ARG230, ARG289)), subtract(ARG23, ARG289)), ARG183), subtract(ARG228, ARG289)), division(subtract(subtract(subtract(subtract(subtract(ARG230, ARG183), ARG183), ARG183), division(subtract(ARG183, ARG228), ARG289)), ARG183), ARG230)), subtract(ARG183, ARG289)), ARG228))"
182,3.1947290370007977,5176631.603017019,5211581.484985435,5230831.032682835,5390744.57822625,19309911.178773753,1603000.6151465217,5635651.670849911,3468302.233403967,3471908.890991028,3492656.034576171,3587873.4608796556,12848575.42613431,1067739.8235999853,3756024.9703403297,0.49024539877300616,0.4977300613496933,0.5003067484662577,0.5030674846625767,0.5093251533742331,0.003896652021290666,0.5004513150701573,3.0,39.0,43.0,45.0,55.0,11.475960818091133,39.15841584158416,5445604.362233319,2333.5818739082883,-0.13701191232389687,1076.0519755378243,45,"subtract(ARG183, division(subtract(add(subtract(subtract(division(subtract(subtract(subtract(ARG289, ARG183), ARG183), subtract(ARG61, ARG289)), subtract(ARG23, ARG289)), ARG183), subtract(ARG228, ARG289)), division(subtract(subtract(subtract(subtract(multiply(division(ARG231, ARG282), multiply(ARG438, ARG340)), ARG183), ARG183), ARG183), ARG183), ARG230)), subtract(ARG183, ARG289)), ARG228))"
183,3.207344340000418,5179671.177453881,5202260.37072129,5222674.91515519,5386520.458411268,27546824.78758596,2390008.6813448155,5715602.736090429,3468302.233403967,3471908.890991028,3480290.779179645,3590945.5888454295,18407462.962228965,1596534.7629613532,3811692.581546927,0.49300613496932516,0.49699386503067483,0.4993251533742331,0.501840490797546,0.5084049079754601,0.0033864161758985385,0.49953957358926077,3.0,41.0,43.0,47.0,57.0,9.318467675515407,41.67326732673267,5445604.362233319,2333.5818739082883,-0.13701191232389687,1076.0519755378243,45,"subtract(ARG183, division(subtract(add(subtract(subtract(division(subtract(subtract(subtract(ARG289, ARG183), ARG183), subtract(ARG61, ARG289)), subtract(ARG23, ARG289)), ARG183), subtract(ARG228, ARG289)), division(subtract(subtract(subtract(subtract(multiply(division(ARG231, ARG282), multiply(ARG438, ARG340)), ARG183), ARG183), ARG183), ARG183), ARG230)), subtract(ARG183, ARG289)), ARG228))"
184,3.2015758810011903,5168661.9605332725,5206487.899661186,5247983.533671141,5436143.996751502,11785056.253339116,913096.4748827887,5496887.463322912,3468302.233403967,3471908.890991028,3483836.7623688215,3621288.8077969206,7844832.643011703,608727.6706322217,3664854.437894435,0.49024539877300616,0.4970552147239264,0.49993865030674844,0.5022699386503068,0.5169325153374233,0.004062264855932534,0.4999009900990099,9.0,39.0,43.0,45.0,81.0,10.318294873531544,40.524752475247524,5375048.578643003,2318.415100589841,-0.1222802570127064,1102.0886568976973,43,"subtract(ARG183, division(subtract(add(subtract(subtract(division(subtract(subtract(subtract(ARG289, ARG183), ARG183), ARG545), subtract(ARG23, ARG289)), ARG183), subtract(ARG228, ARG289)), division(subtract(subtract(subtract(subtract(subtract(ARG230, ARG183), ARG183), ARG183), subtract(ARG183, multiply(ARG487, ARG211))), ARG183), ARG230)), subtract(ARG183, ARG289)), ARG228))"
185,3.2016692329998477,5168045.389404022,5207206.922706482,5248710.721173171,5421362.373241153,20263002.51650619,1528222.2203551293,5572339.685851557,3468302.233403967,3471908.890991028,3497623.1649032175,3615739.484939429,13485503.063002242,1016410.647491105,3715878.5113367983,0.4896932515337423,0.49699386503067483,0.4998159509202454,0.5026993865030674,0.5098159509202453,0.0039174475580638956,0.49952317317621325,3.0,39.0,43.0,45.0,75.0,10.796492875283095,40.00990099009901,5375048.578643003,2318.415100589841,-0.1222802570127064,1102.0886568976973,43,"subtract(ARG183, division(subtract(add(subtract(subtract(division(subtract(subtract(subtract(ARG289, ARG183), ARG183), ARG545), subtract(ARG23, ARG289)), ARG183), subtract(ARG228, ARG289)), division(subtract(subtract(subtract(subtract(subtract(ARG230, ARG183), ARG183), ARG183), subtract(ARG183, multiply(ARG487, ARG211))), ARG183), ARG230)), subtract(ARG183, ARG289)), ARG228))"
186,3.172945049998816,5172302.077806463,5206111.40703831,5257108.353837075,5452929.800388027,3589492406.0502367,355090742.4463929,42702251.433308,3468302.233403967,3472503.4418133893,3499684.631966768,3644444.663674726,2393288592.408838,236757132.07681662,28473298.32884628,0.489079754601227,0.49754601226993866,0.49993865030674844,0.5023312883435583,0.5098159509202453,0.0038799752817866135,0.4999325760796938,5.0,39.0,43.0,45.0,53.0,10.281023355252719,38.94059405940594,5445604.362233319,2333.5818739082883,-0.13701191232389687,1076.0519755378243,45,"subtract(ARG183, division(subtract(add(subtract(subtract(division(subtract(subtract(subtract(ARG289, ARG183), ARG183), subtract(ARG61, ARG289)), subtract(ARG23, ARG289)), ARG183), subtract(ARG228, ARG289)), division(subtract(subtract(subtract(subtract(multiply(division(ARG231, ARG282), multiply(ARG438, ARG340)), ARG183), ARG183), ARG183), ARG183), ARG230)), subtract(ARG183, ARG289)), ARG228))"
187,3.161030455998116,5171722.354832629,5208390.161865018,5259320.333322798,5424663.312913217,65278694.487284504,6010214.07793265,6126663.365769508,3468302.233403967,3472355.8330803886,3502733.839052595,3620720.2620369727,43501337.70003015,4005114.2964990516,4086470.2852646173,0.49098159509202455,0.49717791411042944,0.49941717791411044,0.5012576687116564,0.5133128834355828,0.0036339790528093704,0.49914723926380367,3.0,39.0,43.0,45.0,55.0,9.450396817065409,39.9,5416687.407569468,2327.3777964845904,-0.13097421297339817,1078.6434379886991,45,"subtract(ARG183, division(subtract(add(subtract(subtract(division(subtract(subtract(subtract(ARG230, ARG183), ARG183), subtract(ARG230, ARG289)), subtract(ARG23, ARG289)), ARG183), subtract(ARG23, ARG289)), division(subtract(subtract(subtract(subtract(subtract(ARG230, ARG183), ARG183), ARG183), division(subtract(ARG183, ARG228), ARG289)), ARG183), ARG230)), subtract(ARG183, ARG289)), ARG228))"
188,3.1733768029989733,5190365.61703051,5213265.313904695,5249493.377087273,5493339.160594637,107620253.61132221,10363540.275839288,6698188.788291186,3468302.233403967,3473379.3747867164,3499041.3238430424,3663109.4641005555,71864405.32013732,6919255.992332158,4465982.950270778,0.4895092024539877,0.49763803680981594,0.5003374233128834,0.5022239263803682,0.5098773006134969,0.0038098922174083895,0.5000822085889571,3.0,39.0,43.0,45.0,71.0,10.430723848324238,39.8,5441094.362207282,2332.6153481033434,-0.13607024939484758,1073.7854097858221,47,"subtract(ARG183, division(subtract(add(subtract(subtract(division(subtract(subtract(subtract(ARG230, ARG183), ARG183), subtract(ARG230, ARG289)), subtract(ARG23, ARG289)), ARG183), subtract(ARG228, ARG289)), division(subtract(subtract(subtract(subtract(subtract(ARG230, ARG183), ARG183), ARG183), division(subtract(subtract(ARG23, ARG289), ARG289), ARG289)), ARG183), ARG230)), subtract(ARG183, ARG289)), ARG228))"
189,3.1934218280002824,5178957.318627243,5208076.337032001,5247376.397220299,5533088.318508845,17660940.952529654,1257097.4641250484,5531637.756988824,3468329.4206369575,3471908.890991028,3505903.315507776,3681947.368272694,11757610.583492624,836635.8606637195,3689304.915809342,0.48963190184049077,0.49699386503067483,0.4995092024539877,0.5020858895705521,0.5089570552147239,0.004040945186176107,0.4993373018283422,3.0,37.0,43.0,45.0,55.0,10.324411422851714,39.613861386138616,5466489.1479809685,2338.052426268703,-0.1413725394649532,961.4680495961675,49,"subtract(ARG183, division(subtract(add(subtract(subtract(division(subtract(subtract(subtract(ARG289, ARG183), ARG183), ARG228), subtract(ARG23, ARG289)), ARG183), subtract(ARG228, ARG289)), division(subtract(subtract(subtract(subtract(subtract(ARG230, ARG183), ARG183), ARG183), ARG183), division(subtract(subtract(subtract(ARG289, ARG183), ARG183), ARG228), subtract(ARG23, ARG289))), ARG230)), subtract(ARG183, ARG289)), ARG228))"
190,3.1722153129994695,5184582.539200049,5215555.2154742135,5244863.58845655,5483398.360219741,57116792.98871313,5358248.903054628,6095938.89011716,3468329.4206369575,3471908.890991028,3500729.745995568,3654065.9085612395,37962963.860545754,3561690.4416050334,4062456.532602256,0.49165644171779144,0.497239263803681,0.5000920245398772,0.5032822085889571,0.5103067484662577,0.003779797319729962,0.5002521472392637,3.0,39.0,43.0,47.0,59.0,10.89219904335208,40.6,5445503.321891325,2333.560224612025,-0.13699081566229032,1075.9735640935821,41,"subtract(ARG183, division(subtract(add(subtract(subtract(division(subtract(subtract(subtract(ARG289, ARG183), ARG183), subtract(ARG61, ARG289)), subtract(ARG23, ARG289)), ARG183), subtract(ARG228, ARG289)), division(subtract(subtract(subtract(subtract(subtract(ARG289, ARG183), ARG183), ARG545), ARG183), ARG183), ARG230)), subtract(ARG183, ARG289)), ARG228))"
191,3.1930404509985237,5180929.502981694,5210283.278719473,5256443.243792394,5368576.204221708,32150625.654900976,3244801.974464865,5932436.692957847,3468329.4206369575,3475494.384974492,3500414.5208594752,3584421.6383857876,21442520.383587804,2162668.880445132,3955561.3280299096,0.4922085889570552,0.49693251533742333,0.4993558282208589,0.5019631901840491,0.5094478527607362,0.00378215758825993,0.49968098159509206,3.0,41.0,43.0,47.0,87.0,11.544193345574216,41.54,5445522.755602062,2333.5643885699965,-0.1369948733130375,1076.0128849305893,41,"subtract(ARG183, division(subtract(add(subtract(subtract(division(subtract(subtract(subtract(ARG289, ARG183), ARG183), subtract(ARG61, ARG289)), subtract(ARG23, ARG289)), ARG183), subtract(ARG228, ARG289)), division(subtract(subtract(subtract(subtract(subtract(ARG289, ARG183), ARG183), ARG289), ARG183), ARG183), ARG230)), subtract(ARG183, ARG289)), ARG228))"
192,3.2048619790002704,5189802.854890835,5211484.3457593545,5245309.131648361,5406908.917256084,11871905.86654077,725592.1328354026,5454147.883896286,3468329.4206369575,3472651.3355796635,3498720.408649497,3601806.994616624,7890721.971318485,481489.45435207617,3635784.6532352925,0.49116564417177916,0.4976687116564417,0.4995705521472393,0.5022699386503068,0.5094478527607362,0.003417889678346685,0.5000734981473607,3.0,41.0,43.0,47.0,55.0,10.979800723110761,40.603960396039604,5457268.710775292,2336.079774060657,-0.1394473634436475,1049.9120082452553,43,"subtract(ARG183, division(subtract(add(subtract(subtract(division(subtract(subtract(subtract(ARG289, ARG183), ARG183), ARG545), subtract(ARG23, ARG289)), ARG183), subtract(ARG23, ARG289)), division(subtract(subtract(subtract(subtract(subtract(ARG230, ARG183), ARG183), ARG183), subtract(ARG230, multiply(ARG487, ARG211))), ARG183), ARG230)), subtract(ARG183, ARG289)), ARG228))"
193,3.212250148997555,5190431.813689228,5213614.726606439,5275142.5809818655,5411770.713923626,57262452.637911014,5870541.422584883,6219593.7306886865,3452098.8478510864,3475729.0944602615,3523609.02005723,3604175.3120011166,38189025.735360645,3916712.3155364413,4147077.1109377164,0.49214723926380366,0.4975920245398773,0.4994478527607362,0.5023312883435583,0.5103680981595092,0.003536779699667992,0.49992085889570553,7.0,41.0,45.0,47.0,53.0,7.151950782828417,42.64,5527058.594946329,2350.969713745017,-0.15401910321462697,1012.8882207474549,49,"subtract(ARG183, division(subtract(add(subtract(subtract(division(subtract(subtract(subtract(ARG289, ARG183), ARG183), ARG183), subtract(ARG23, ARG289)), ARG183), subtract(ARG228, ARG289)), division(subtract(subtract(subtract(subtract(subtract(ARG230, ARG183), ARG183), ARG183), ARG183), division(subtract(subtract(subtract(ARG289, ARG183), ARG183), ARG228), subtract(ARG23, ARG289))), ARG230)), subtract(ARG183, ARG289)), ARG228))"
194,3.1898633590026293,5166500.0854802,5210896.653168801,5248558.419061668,5429962.616889725,9397319.673776878,630540.6896048831,5465452.1701357355,3452098.8478510864,3472614.362138095,3502308.8991360674,3621156.4666420333,6254902.637207037,419850.8971946278,3645294.494571017,0.4885889570552147,0.49661042944785283,0.4995705521472393,0.5014723926380368,0.508282208588957,0.003364319178070906,0.4993030674846625,3.0,41.0,44.0,45.0,53.0,8.498729316786127,41.54,5527058.594946329,2350.969713745017,-0.15401910321462697,1012.8882207474549,49,"subtract(ARG183, division(subtract(add(subtract(subtract(division(subtract(subtract(subtract(ARG289, ARG183), ARG183), ARG183), subtract(ARG23, ARG289)), ARG183), subtract(ARG228, ARG289)), division(subtract(subtract(subtract(subtract(subtract(ARG230, ARG183), ARG183), ARG183), ARG183), division(subtract(subtract(subtract(ARG289, ARG183), ARG183), ARG228), subtract(ARG23, ARG289))), ARG230)), subtract(ARG183, ARG289)), ARG228))"
195,3.2039572059984494,5178024.3221595315,5211304.870269597,5249735.5397538915,5478967.537269572,25295333.81077063,2671113.4383160938,5900918.048622396,3452098.8478510864,3471987.456259574,3496232.2760574077,3649808.772630431,16887038.872688454,1782372.2733926566,3933510.005201159,0.49141104294478527,0.4979754601226994,0.5003680981595092,0.5024539877300613,0.5106748466257669,0.0036791176585649916,0.5002648362995809,3.0,39.0,45.0,47.0,77.0,11.215195483991474,40.960396039603964,5527058.594946329,2350.969713745017,-0.15401910321462697,1012.8882207474549,49,"subtract(ARG183, division(subtract(add(subtract(subtract(division(subtract(subtract(subtract(ARG289, ARG183), ARG183), ARG183), subtract(ARG23, ARG289)), ARG183), subtract(ARG228, ARG289)), division(subtract(subtract(subtract(subtract(subtract(ARG230, ARG183), ARG183), ARG183), ARG183), division(subtract(subtract(subtract(ARG289, ARG183), ARG183), ARG228), subtract(ARG23, ARG289))), ARG230)), subtract(ARG183, ARG289)), ARG228))"
196,3.215407887000765,5148074.772611301,5213771.521096158,5242376.543572674,5411213.269981444,8538637.943354988,493296.1424151832,5442553.548748128,3452098.8478510864,3471987.456259574,3495140.9954200443,3612054.356966662,5691959.695594892,328471.96589686547,3628269.921869723,0.4898159509202454,0.4977300613496933,0.5005521472392638,0.5031288343558282,0.5106134969325153,0.004007407944058793,0.5000346230942113,3.0,41.0,45.0,47.0,79.0,10.186112437026557,41.633663366336634,5527058.594946329,2350.969713745017,-0.15401910321462697,1012.8882207474549,49,"subtract(ARG183, division(subtract(add(subtract(subtract(division(subtract(subtract(subtract(ARG289, ARG183), ARG183), ARG183), subtract(ARG23, ARG289)), ARG183), subtract(ARG228, ARG289)), division(subtract(subtract(subtract(subtract(subtract(ARG230, ARG183), ARG183), ARG183), ARG183), division(subtract(subtract(subtract(ARG289, ARG183), ARG183), ARG228), subtract(ARG23, ARG289))), ARG230)), subtract(ARG183, ARG289)), ARG228))"
197,3.1967147560026206,5162052.596167017,5209354.340304759,5227526.3052823935,5493521.182092432,26906309158750.51,2663990271618.0996,266406443039.3974,3452098.8478510864,3471908.890991028,3483625.8867586516,3664295.7510376335,17944878857922.805,1776720189434.4429,177676963891.5589,0.4914723926380368,0.49644171779141105,0.4993251533742331,0.5025153374233129,0.508282208588957,0.0039409048669781736,0.49960699750956694,3.0,41.0,45.0,45.0,59.0,11.539509452488785,40.524752475247524,5527058.594946329,2350.969713745017,-0.15401910321462697,1012.8882207474549,49,"subtract(ARG183, division(subtract(add(subtract(subtract(division(subtract(subtract(subtract(ARG289, ARG183), ARG183), ARG183), subtract(ARG23, ARG289)), ARG183), subtract(ARG228, ARG289)), division(subtract(subtract(subtract(subtract(subtract(ARG230, ARG183), ARG183), ARG183), ARG183), division(subtract(subtract(subtract(ARG289, ARG183), ARG183), ARG228), subtract(ARG23, ARG289))), ARG230)), subtract(ARG183, ARG289)), ARG228))"
198,3.195020478000515,5171742.804679199,5211484.3457593545,5231293.396487094,5436018.878043435,29917265.768049896,2546044.4369542142,5755801.765184023,3452098.8478510864,3471908.890991028,3483625.8867586516,3637040.03089369,19886283.011957154,1691611.643972889,3836836.3377091205,0.4893251533742331,0.4976687116564417,0.49993865030674844,0.5022699386503068,0.5092638036809816,0.003928328166982235,0.4999593026787341,1.0,39.0,43.0,45.0,59.0,11.488357353038365,39.67326732673267,5445604.362233319,2333.5818739082883,-0.13701191232389687,1076.0519755378243,45,"subtract(ARG183, division(subtract(add(subtract(subtract(division(subtract(subtract(subtract(ARG289, ARG183), ARG183), subtract(ARG61, ARG289)), subtract(ARG23, ARG289)), ARG183), subtract(ARG228, ARG289)), division(subtract(subtract(subtract(subtract(multiply(division(ARG231, ARG282), multiply(ARG438, ARG340)), ARG183), ARG183), ARG183), ARG183), ARG230)), subtract(ARG183, ARG289)), ARG228))"
199,3.20668575399759,5170813.832761876,5208833.205851019,5222976.680870524,5350838.888915949,14469056.552345974,1161281.8918640907,5547251.12851943,3452098.8478510864,3471908.890991028,3475825.809123203,3551682.774334404,9636578.483420748,771707.9143117898,3697849.544934194,0.4908588957055215,0.4968711656441718,0.5002453987730061,0.5025766871165644,0.5103067484662577,0.003927246958668072,0.5000127558768146,3.0,39.0,45.0,45.0,55.0,10.8841381959349,40.02970297029703,5445604.362233319,2333.5818739082883,-0.13701191232389687,1076.0519755378243,45,"subtract(ARG183, division(subtract(add(subtract(subtract(division(subtract(subtract(subtract(ARG289, ARG183), ARG183), subtract(ARG61, ARG289)), subtract(ARG23, ARG289)), ARG183), subtract(ARG228, ARG289)), division(subtract(subtract(subtract(subtract(multiply(division(ARG231, ARG282), multiply(ARG438, ARG340)), ARG183), ARG183), ARG183), ARG183), ARG230)), subtract(ARG183, ARG289)), ARG228))"
200,3.1947592060023453,5166923.655890979,5210954.464607638,5233619.528385725,5404898.963403615,1119983334.8967936,110891244.6051517,16789422.234425005,3452098.8478510864,3471908.890991028,3483817.784314127,3601829.6670151935,747450391.3698713,74006607.24472983,11200165.187453434,0.4899386503067485,0.4977760736196319,0.5005828220858896,0.502638036809816,0.5139263803680981,0.003901080828545849,0.5002104294478528,3.0,39.0,45.0,47.0,59.0,9.499031529582371,41.22,5445604.362233319,2333.5818739082883,-0.13701191232389687,1076.0519755378243,45,"subtract(ARG183, division(subtract(add(subtract(subtract(division(subtract(subtract(subtract(ARG289, ARG183), ARG183), subtract(ARG61, ARG289)), subtract(ARG23, ARG289)), ARG183), subtract(ARG228, ARG289)), division(subtract(subtract(subtract(subtract(multiply(division(ARG231, ARG282), multiply(ARG438, ARG340)), ARG183), ARG183), ARG183), ARG183), ARG230)), subtract(ARG183, ARG289)), ARG228))"
201,3.1905743129973416,5159722.958907731,5212291.477057224,5250286.601939065,5477085.539449219,32262119.033278514,3123462.350736682,5866724.609903845,3452098.8478510864,3472044.3304671706,3492061.1662006383,3657195.897228951,21527449.65786965,2084356.2086659244,3910311.148075114,0.48895705521472393,0.4979141104294479,0.5011349693251534,0.5033128834355829,0.5086503067484662,0.00406459247220088,0.5004496932515338,3.0,39.0,45.0,47.0,63.0,9.075219005621848,41.98,5445604.362233319,2333.5818739082883,-0.13701191232389687,1076.0519755378243,45,"subtract(ARG183, division(subtract(add(subtract(subtract(division(subtract(subtract(subtract(ARG289, ARG183), ARG183), subtract(ARG61, ARG289)), subtract(ARG23, ARG289)), ARG183), subtract(ARG228, ARG289)), division(subtract(subtract(subtract(subtract(multiply(division(ARG231, ARG282), multiply(ARG438, ARG340)), ARG183), ARG183), ARG183), ARG183), ARG230)), subtract(ARG183, ARG289)), ARG228))"
202,3.233821532998263,5177617.259031283,5208406.80988449,5228785.215393105,5359412.008251013,7433390.666911064,392642.81203189126,5391598.319468424,3452098.8478510864,3472006.509723274,3475869.2244597753,3569580.8809682196,4966970.069305991,262193.5991807313,3594209.0725265765,0.48809815950920243,0.4976687116564417,0.5005521472392638,0.5032515337423313,0.5131288343558282,0.004334806587888622,0.5000971876328737,7.0,39.0,45.0,47.0,57.0,8.616706028528546,42.9009900990099,5416565.826283187,2327.351676537774,-0.13094882747683578,1078.5012629799915,45,"subtract(ARG183, division(subtract(add(subtract(subtract(division(subtract(subtract(subtract(ARG377, ARG183), ARG183), subtract(ARG228, ARG289)), subtract(ARG23, ARG289)), ARG183), subtract(ARG228, ARG289)), division(subtract(subtract(subtract(subtract(subtract(ARG42, ARG183), ARG183), ARG183), division(subtract(ARG183, ARG228), ARG289)), ARG183), ARG230)), subtract(ARG183, ARG289)), ARG228))"
203,3.221932267999364,5170749.872134421,5206536.968930412,5225056.714430095,5404197.481740311,6489282.234577449,326100.2968785046,5381963.4285115795,3452098.8478510864,3471908.890991028,3475399.107277643,3611876.632641936,4313681.878999534,216143.70389073316,3587449.7515306096,0.4908588957055215,0.49754601226993866,0.5006134969325153,0.5030674846625767,0.5087730061349693,0.003842895834603966,0.5001968049565693,9.0,39.0,45.0,47.0,83.0,9.865838590858482,42.24752475247525,5416565.826283187,2327.351676537774,-0.13094882747683578,1078.5012629799915,45,"subtract(ARG183, division(subtract(add(subtract(subtract(division(subtract(subtract(subtract(ARG377, ARG183), ARG183), subtract(ARG228, ARG289)), subtract(ARG23, ARG289)), ARG183), subtract(ARG228, ARG289)), division(subtract(subtract(subtract(subtract(subtract(ARG42, ARG183), ARG183), ARG183), division(subtract(ARG183, ARG228), ARG289)), ARG183), ARG230)), subtract(ARG183, ARG289)), ARG228))"
204,3.2052866159974656,5177993.723971623,5204787.502807473,5216383.358304925,5325759.995999969,5531563917.014168,549849451.3114548,60633131.12425498,3452098.8478510864,3471908.890991028,3472044.3304671706,3545261.7363109584,3672089755.1246614,365012269.04733115,40264995.98064394,0.49171779141104294,0.49805214723926383,0.5006134969325153,0.5029294478527608,0.5077300613496932,0.003794490380924893,0.5004564417177914,3.0,41.0,45.0,47.0,61.0,11.053958566956908,41.9,5445350.799341847,2333.5275441575245,-0.1369589698020115,1072.9178982179242,39,"subtract(ARG183, division(subtract(add(subtract(subtract(division(subtract(subtract(subtract(ARG289, ARG183), ARG183), subtract(ARG61, ARG289)), subtract(ARG23, ARG289)), ARG183), subtract(ARG228, ARG289)), division(subtract(subtract(subtract(subtract(ARG196, ARG183), ARG183), ARG183), ARG183), ARG230)), subtract(ARG183, ARG289)), ARG228))"
205,3.180015027999616,5175229.865272965,5207204.136067344,5216850.015372679,5437388.023660825,9338049.633944977,627449.3700436887,5435500.24234212,3452098.8478510864,3471908.890991028,3472044.3304671706,3622776.7378291623,6225621.049257766,419248.3361907912,3623625.7104450064,0.4917791411042945,0.4975613496932515,0.5003374233128834,0.5023006134969326,0.5109815950920246,0.0038496084853669654,0.500059509202454,3.0,41.0,45.0,47.0,51.0,10.38728068360531,41.62,5445370.709460503,2333.5318102525416,-0.1369631269240832,1076.2720338293166,45,"subtract(ARG183, division(subtract(add(subtract(subtract(division(subtract(subtract(subtract(ARG289, ARG183), ARG183), subtract(ARG61, ARG289)), subtract(ARG23, ARG289)), ARG183), subtract(ARG228, ARG289)), division(subtract(subtract(subtract(subtract(multiply(division(ARG231, ARG603), multiply(ARG438, ARG340)), ARG183), ARG183), ARG183), ARG183), ARG230)), subtract(ARG183, ARG289)), ARG228))"
206,3.195659995002643,5145109.779735846,5202102.247771119,5215605.202363147,5386908.293134071,41804309.94788065,3623444.233559724,5727283.317933014,3452098.8478510864,3471908.890991028,3472044.3304671706,3585113.7178705432,27935808.95992352,2422024.9361753697,3819748.1000956455,0.48773006134969327,0.49717791411042944,0.49895705521472394,0.5022085889570552,0.5114723926380368,0.0039468905568619305,0.49957844864241024,3.0,39.0,45.0,47.0,53.0,10.867048173550804,40.92079207920792,5445704.0691008605,2333.603237292248,-0.13703273056345178,1075.9248647125376,41,"subtract(ARG183, division(subtract(add(subtract(subtract(division(subtract(subtract(subtract(ARG228, ARG183), ARG183), subtract(ARG61, ARG289)), subtract(ARG23, ARG289)), ARG183), subtract(ARG228, ARG289)), division(subtract(subtract(subtract(subtract(subtract(ARG230, ARG183), ARG183), ARG183), ARG231), ARG183), ARG230)), subtract(ARG183, ARG289)), ARG228))"
207,3.179590960000496,5173308.720396572,5203664.426158719,5216536.427961873,5446663.933246387,128075100.22996369,12216083.31798281,6635056.3094565235,3452098.8478510864,3471625.4255853025,3472044.3304671706,3627762.850758305,85568886.90201287,8162439.594925637,4425852.952739944,0.4903680981595092,0.49673312883435583,0.49966257668711656,0.5014877300613496,0.5107361963190185,0.0038061782322817215,0.49972208588957057,3.0,39.0,45.0,47.0,51.0,10.5582384894451,40.94,5416448.5099476995,2327.3264725748513,-0.1309243324782854,1078.5166397954285,45,"subtract(ARG183, division(subtract(add(subtract(subtract(division(subtract(subtract(subtract(ARG377, ARG183), ARG183), subtract(ARG228, ARG289)), subtract(ARG23, ARG289)), ARG183), subtract(ARG228, ARG289)), division(subtract(subtract(subtract(subtract(subtract(ARG42, ARG183), ARG183), ARG183), division(subtract(ARG183, ARG230), ARG289)), ARG183), ARG230)), subtract(ARG183, ARG289)), ARG228))"
208,3.219769808001729,5176418.403319701,5206575.433718347,5221708.371941414,5342813.382233141,20453655.57979996,1525196.4557719403,5504150.192037331,3452075.115543373,3471779.987548003,3472057.9817611687,3565959.304332168,13625182.310300354,1016196.7011929243,3668057.743622905,0.4915950920245399,0.49828220858895705,0.5004294478527608,0.5022699386503068,0.511840490797546,0.0035618686331372897,0.5005825183745369,3.0,41.0,45.0,47.0,57.0,9.562900899843797,42.40594059405941,5527343.126817706,2351.030226691632,-0.15407851188732358,1013.7588607060104,49,"subtract(ARG183, division(subtract(add(subtract(subtract(division(subtract(subtract(subtract(ARG282, ARG183), ARG183), ARG183), subtract(ARG23, ARG289)), ARG183), subtract(ARG228, ARG289)), division(subtract(subtract(subtract(subtract(subtract(ARG230, ARG183), ARG183), ARG183), ARG183), division(subtract(subtract(subtract(ARG289, ARG183), ARG183), ARG228), subtract(ARG23, ARG289))), ARG230)), subtract(ARG183, ARG289)), ARG228))"
209,3.223789912997745,5161593.540860312,5202741.274335008,5227663.310326706,5454461.736212233,12732235.53919172,1173133.3707550573,5589339.479151332,3452075.115543373,3469023.5968231824,3475399.107277643,3637349.192008321,8483993.10313241,781449.700808287,3725625.501299532,0.4922085889570552,0.49828220858895705,0.49993865030674844,0.5024539877300613,0.50920245398773,0.0033887162775763386,0.5002338577416023,1.0,41.0,45.0,47.0,51.0,10.868347092934455,41.67326732673267,5527343.126817706,2351.030226691632,-0.15407851188732358,1013.7588607060104,49,"subtract(ARG183, division(subtract(add(subtract(subtract(division(subtract(subtract(subtract(ARG282, ARG183), ARG183), ARG183), subtract(ARG23, ARG289)), ARG183), subtract(ARG228, ARG289)), division(subtract(subtract(subtract(subtract(subtract(ARG230, ARG183), ARG183), ARG183), ARG183), division(subtract(subtract(subtract(ARG289, ARG183), ARG183), ARG228), subtract(ARG23, ARG289))), ARG230)), subtract(ARG183, ARG289)), ARG228))"
210,3.2271534249994147,5160051.238696672,5200113.4161183955,5230858.443146154,5448619.531956316,507730616.38644236,49732422.395940505,10532622.610694546,3452075.115543373,3468329.4206369575,3475813.0454618135,3637349.192008321,339709754.8271493,33275969.35795632,7034418.588026291,0.4915950920245399,0.49717791411042944,0.49993865030674844,0.5028220858895706,0.5077914110429448,0.003945748137692647,0.49982081030188896,3.0,41.0,45.0,49.0,57.0,10.894292958102202,41.495049504950494,5516736.194987962,2348.7733383594004,-0.1518638434976649,1086.048472152233,49,"subtract(ARG183, division(subtract(add(subtract(subtract(division(subtract(subtract(subtract(ARG282, ARG183), ARG183), ARG183), subtract(ARG23, ARG289)), ARG183), subtract(ARG228, ARG289)), division(subtract(subtract(subtract(subtract(subtract(ARG230, ARG183), ARG183), ARG183), ARG183), division(subtract(subtract(subtract(ARG289, ARG289), ARG183), ARG228), subtract(ARG23, ARG289))), ARG230)), subtract(ARG183, ARG289)), ARG228))"
211,3.195860358999198,5156510.730874236,5203306.955381354,5231818.6042749025,5468406.778413584,10919063.950653518,747236.5005739912,5509206.863232203,3452075.115543373,3468329.4206369575,3490222.924747063,3655884.730130311,7270455.163221092,497482.2055257028,3674576.2556954487,0.4903680981595092,0.49662576687116566,0.4989570552147239,0.5019171779141104,0.5078527607361963,0.0035257439196657633,0.4992570552147238,5.0,39.0,45.0,49.0,81.0,11.507840805294448,42.64,5516736.194987962,2348.7733383594004,-0.1518638434976649,1086.048472152233,49,"subtract(ARG183, division(subtract(add(subtract(subtract(division(subtract(subtract(subtract(ARG282, ARG183), ARG183), ARG183), subtract(ARG23, ARG289)), ARG183), subtract(ARG228, ARG289)), division(subtract(subtract(subtract(subtract(subtract(ARG230, ARG183), ARG183), ARG183), ARG183), division(subtract(subtract(subtract(ARG289, ARG289), ARG183), ARG228), subtract(ARG23, ARG289))), ARG230)), subtract(ARG183, ARG289)), ARG228))"
212,3.2246468710000045,5155451.812127137,5201284.657006487,5228025.291817203,5489983.28807705,29716408.39608259,2754989.8104079007,5763509.454474052,3452075.115543373,3468329.4206369575,3478619.188702157,3673510.9850433464,19851535.117055174,1840934.054227236,3841814.34926965,0.48987730061349694,0.4979754601226994,0.5003680981595092,0.5031288343558282,0.5095092024539877,0.0038638894050902436,0.5003826763044402,5.0,41.0,47.0,49.0,57.0,11.07984053972116,42.54455445544554,5516736.194987962,2348.7733383594004,-0.1518638434976649,1086.048472152233,49,"subtract(ARG183, division(subtract(add(subtract(subtract(division(subtract(subtract(subtract(ARG282, ARG183), ARG183), ARG183), subtract(ARG23, ARG289)), ARG183), subtract(ARG228, ARG289)), division(subtract(subtract(subtract(subtract(subtract(ARG230, ARG183), ARG183), ARG183), ARG183), division(subtract(subtract(subtract(ARG289, ARG289), ARG183), ARG228), subtract(ARG23, ARG289))), ARG230)), subtract(ARG183, ARG289)), ARG228))"
213,3.1892264039997826,5157357.865871916,5203491.126985528,5230986.70896782,5492261.490149038,20971843.921923228,1591253.2844507536,5566859.685968322,3452075.115543373,3468329.4206369575,3496109.1453033118,3662700.3416686626,13989811.98802327,1061922.5607442132,3711097.4027037555,0.4901840490797546,0.49760736196319016,0.5000920245398773,0.5024693251533743,0.5084662576687117,0.0036554196290416933,0.5001128834355828,5.0,39.0,46.0,49.0,57.0,12.513592609638529,41.5,5516736.194987962,2348.7733383594004,-0.1518638434976649,1086.048472152233,49,"subtract(ARG183, division(subtract(add(subtract(subtract(division(subtract(subtract(subtract(ARG282, ARG183), ARG183), ARG183), subtract(ARG23, ARG289)), ARG183), subtract(ARG228, ARG289)), division(subtract(subtract(subtract(subtract(subtract(ARG230, ARG183), ARG183), ARG183), ARG183), division(subtract(subtract(subtract(ARG289, ARG289), ARG183), ARG228), subtract(ARG23, ARG289))), ARG230)), subtract(ARG183, ARG289)), ARG228))"
214,3.2240537450015836,5163340.172579003,5202449.721832705,5236526.899174384,5475516.227649406,12908989.20584548,863605.9159315036,5512742.354200685,3451908.128894928,3468329.4206369575,3499642.874832698,3651449.2190833786,8611275.795182375,575059.5271257159,3674577.897021203,0.49190184049079755,0.4973006134969325,0.5001840490797546,0.5030674846625767,0.5112269938650307,0.003932870030073284,0.500201664338213,5.0,41.0,45.0,49.0,63.0,11.170177501067403,42.86138613861386,5516736.194987962,2348.7733383594004,-0.1518638434976649,1086.048472152233,49,"subtract(ARG183, division(subtract(add(subtract(subtract(division(subtract(subtract(subtract(ARG282, ARG183), ARG183), ARG183), subtract(ARG23, ARG289)), ARG183), subtract(ARG228, ARG289)), division(subtract(subtract(subtract(subtract(subtract(ARG230, ARG183), ARG183), ARG183), ARG183), division(subtract(subtract(subtract(ARG289, ARG289), ARG183), ARG228), subtract(ARG23, ARG289))), ARG230)), subtract(ARG183, ARG289)), ARG228))"
215,3.214727672002482,5152976.539171735,5197364.038013251,5241067.379755199,5420607.187136119,9330792.775053205,499005.9658596405,5420288.029363941,3452075.115543373,3468329.4206369575,3495803.282586653,3605046.8048208943,6225621.049257766,332855.5981825312,3613343.0600164835,0.4885276073619632,0.4968251533742331,0.5001840490797547,0.5028527607361963,0.5098773006134969,0.004513386940356289,0.5000815950920247,3.0,41.0,45.0,49.0,63.0,10.148871858487523,43.02,5527196.15445998,2350.998969472335,-0.15404782487622248,1014.7772369066763,51,"subtract(ARG183, division(subtract(add(subtract(subtract(division(subtract(subtract(subtract(ARG282, ARG183), ARG183), ARG183), subtract(ARG23, ARG289)), ARG183), subtract(ARG228, ARG289)), division(subtract(subtract(subtract(subtract(subtract(ARG230, ARG183), ARG183), ARG183), ARG183), division(subtract(subtract(subtract(ARG289, ARG183), ARG183), subtract(ARG607, ARG549)), subtract(ARG23, ARG289))), ARG230)), subtract(ARG183, ARG289)), ARG228))"
216,3.238167515002715,5157621.953355883,5205152.299497305,5245899.147791036,5465685.654634561,21278198.57986582,1693727.2518454294,5600690.4257009,3452075.115543373,3468329.4206369575,3499852.84567355,3643045.4373560967,14233784.907941597,1133476.2062557891,3733947.18472574,0.49282208588957055,0.49699386503067483,0.5004907975460122,0.5030674846625767,0.5079141104294479,0.0038420629402559593,0.5000826094879426,3.0,39.0,47.0,49.0,59.0,10.156697980701654,43.0990099009901,5527196.15445998,2350.998969472335,-0.15404782487622248,1014.7772369066763,51,"subtract(ARG183, division(subtract(add(subtract(subtract(division(subtract(subtract(subtract(ARG282, ARG183), ARG183), ARG183), subtract(ARG23, ARG289)), ARG183), subtract(ARG228, ARG289)), division(subtract(subtract(subtract(subtract(subtract(ARG230, ARG183), ARG183), ARG183), ARG183), division(subtract(subtract(subtract(ARG289, ARG183), ARG183), subtract(ARG607, ARG549)), subtract(ARG23, ARG289))), ARG230)), subtract(ARG183, ARG289)), ARG228))"
217,3.2465549480002664,5153062.169131864,5200348.61614835,5240300.897985933,5589075.914997236,192230233.00807652,19335863.51858321,8207676.994069328,3452053.2247564793,3467744.8066343633,3498127.7417162955,3724527.285954822,128116809.01302887,12886169.511405582,5469359.648569279,0.48987730061349694,0.49803680981595094,0.5001226993865031,0.5030061349693251,0.5085889570552147,0.0036726912635735662,0.5004172993986516,3.0,41.0,47.0,49.0,79.0,13.146844698889238,43.17821782178218,5527196.15445998,2350.998969472335,-0.15404782487622248,1014.7772369066763,51,"subtract(ARG183, division(subtract(add(subtract(subtract(division(subtract(subtract(subtract(ARG282, ARG183), ARG183), ARG183), subtract(ARG23, ARG289)), ARG183), subtract(ARG228, ARG289)), division(subtract(subtract(subtract(subtract(subtract(ARG230, ARG183), ARG183), ARG183), ARG183), division(subtract(subtract(subtract(ARG289, ARG183), ARG183), subtract(ARG607, ARG549)), subtract(ARG23, ARG289))), ARG230)), subtract(ARG183, ARG289)), ARG228))"
218,3.1856855810001434,5153894.9031478185,5192931.995894337,5245292.003338793,5482406.489843989,3884945536.1430817,386001052.6317827,44289912.04480485,3452053.2247564793,3467830.842863543,3498564.963210441,3650580.569877331,2580990920.6901255,256441106.68816406,29438422.02843705,0.48914110429447855,0.49679447852760733,0.49969325153374233,0.5024846625766871,0.513558282208589,0.004524468128785386,0.4994785276073619,3.0,40.5,47.0,49.0,73.0,14.261051854614374,41.68,5516196.66138957,2348.6584812163665,-0.15175119188222164,1086.0484397604368,45,"subtract(ARG183, division(subtract(add(subtract(subtract(division(subtract(subtract(subtract(ARG289, ARG183), ARG183), ARG183), subtract(ARG23, ARG289)), ARG183), subtract(ARG228, ARG289)), division(subtract(subtract(subtract(subtract(subtract(ARG230, ARG183), ARG183), ARG183), ARG183), division(subtract(ARG289, ARG183), subtract(ARG23, ARG289))), ARG230)), subtract(ARG183, ARG289)), ARG228))"
219,3.2602566040004604,5151903.734132765,5188966.2661344595,5216339.923033889,5320889.809400206,379999569.54857564,37114229.27960999,9274136.18931738,3452053.2247564793,3458958.2862495757,3475738.3765322794,3548747.434780975,253281250.60894635,24737690.892995734,6181025.421728246,0.4899386503067485,0.4977300613496933,0.5001840490797546,0.5029447852760737,0.5095705521472392,0.004158469165964137,0.500403328676426,5.0,43.0,49.0,49.0,61.0,10.86105670231551,44.32673267326733,5526764.833854084,2350.907236335386,-0.15395776753192925,1013.2331672807422,51,"subtract(ARG183, division(subtract(add(subtract(subtract(division(subtract(subtract(subtract(ARG289, ARG183), ARG183), ARG183), subtract(ARG23, ARG289)), ARG183), subtract(ARG228, ARG289)), division(subtract(subtract(subtract(subtract(subtract(multiply(ARG534, ARG342), ARG183), ARG183), ARG183), ARG183), division(subtract(subtract(subtract(ARG289, ARG183), ARG183), ARG228), subtract(ARG23, ARG289))), ARG230)), subtract(ARG183, ARG289)), ARG228))"
220,3.2120714140000928,5157621.953355883,5189444.268335276,5217121.261046307,5352576.47582389,20087363.016751412,1503637.035963476,5505071.14887347,3452038.1881352486,3460779.5128151877,3475956.3857460846,3569274.846663511,13450990.763825815,1008449.2417109102,3670912.334164413,0.48963190184049077,0.49693251533742333,0.499478527607362,0.502638036809816,0.5100613496932516,0.004219363900957867,0.4998558282208589,5.0,42.5,49.0,51.0,55.0,11.43109793501919,43.9,5526764.833854084,2350.907236335386,-0.15395776753192925,1013.2331672807422,51,"subtract(ARG183, division(subtract(add(subtract(subtract(division(subtract(subtract(subtract(ARG289, ARG183), ARG183), ARG183), subtract(ARG23, ARG289)), ARG183), subtract(ARG228, ARG289)), division(subtract(subtract(subtract(subtract(subtract(multiply(ARG534, ARG342), ARG183), ARG183), ARG183), ARG183), division(subtract(subtract(subtract(ARG289, ARG183), ARG183), ARG228), subtract(ARG23, ARG289))), ARG230)), subtract(ARG183, ARG289)), ARG228))"
221,3.2277841180002724,5148330.060141532,5179513.846305013,5218854.643380253,5370048.1435574945,19747882.40404553,1468184.1314077768,5497487.441111299,3452038.1881352486,3452176.785041691,3472616.9360733274,3578933.0012348657,13179809.326697873,980099.0745923162,3666225.916762902,0.48901840490797543,0.4968251533742331,0.499601226993865,0.5024079754601227,0.5103067484662577,0.004293243292992547,0.4995263803680981,5.0,43.0,49.0,51.0,53.0,11.039855071512488,44.04,5526986.064722855,2350.9542880972517,-0.1540039593072462,1013.2837900950581,49,"subtract(ARG183, division(subtract(add(subtract(subtract(division(subtract(subtract(subtract(ARG289, ARG183), ARG183), ARG183), subtract(ARG23, ARG289)), ARG183), subtract(ARG228, ARG289)), division(subtract(subtract(subtract(subtract(subtract(ARG230, ARG183), ARG183), ARG183), ARG183), division(subtract(subtract(subtract(ARG289, ARG183), ARG230), ARG183), subtract(ARG23, ARG289))), ARG230)), subtract(ARG183, ARG289)), ARG228))"
222,3.235865027003456,5129242.643137443,5187932.638594663,5216892.575962284,5409792.275072211,58564864.16366157,5302131.245493718,5863339.106928081,3452038.1881352486,3452125.868013882,3472670.5292087956,3612409.6218799367,39152132.141238764,3545561.399885661,3910999.72412602,0.4858282208588957,0.4966411042944785,0.4993558282208589,0.502638036809816,0.5125766871165645,0.00427133196892243,0.4995650306748467,5.0,43.0,49.0,51.0,69.0,9.47417542586161,45.4,5528497.082172915,2351.2756287115544,-0.15431945134929825,1011.7102282272717,51,"subtract(ARG183, division(subtract(add(subtract(subtract(division(subtract(subtract(subtract(ARG228, ARG183), ARG183), ARG183), subtract(ARG23, ARG289)), ARG183), subtract(ARG228, ARG289)), division(subtract(subtract(subtract(subtract(subtract(ARG230, ARG183), ARG183), subtract(ARG183, ARG289)), ARG183), division(subtract(subtract(subtract(ARG289, ARG183), ARG183), ARG228), subtract(ARG23, ARG289))), ARG230)), subtract(ARG183, ARG289)), ARG228))"
223,3.2273364280008536,5155927.666178663,5182402.791590707,5201193.293473272,5391125.077355148,19463923.996955417,1429565.2558553563,5469860.56741401,3452025.0413111746,3452110.1235864535,3461000.9557540203,3589730.8810349423,13047456.865864998,960078.8284667043,3646325.6165348347,0.4906134969325153,0.4974079754601227,0.5002147239263803,0.5031288343558282,0.5083435582822086,0.003776188941339806,0.5003257668711657,3.0,45.0,49.0,51.0,69.0,12.080662233503592,45.24,5528497.082172915,2351.2756287115544,-0.15431945134929825,1011.7102282272717,51,"subtract(ARG183, division(subtract(add(subtract(subtract(division(subtract(subtract(subtract(ARG228, ARG183), ARG183), ARG183), subtract(ARG23, ARG289)), ARG183), subtract(ARG228, ARG289)), division(subtract(subtract(subtract(subtract(subtract(ARG230, ARG183), ARG183), subtract(ARG183, ARG289)), ARG183), division(subtract(subtract(subtract(ARG289, ARG183), ARG183), ARG228), subtract(ARG23, ARG289))), ARG230)), subtract(ARG183, ARG289)), ARG228))"
224,3.263093018998916,5142901.555869716,5182004.19233794,5214607.515328499,5477003.582131139,26686859.627816796,2131407.4874925683,5560045.226658085,3450919.3538744203,3452110.1235864535,3472154.508046995,3650738.4635944045,17828427.88365973,1424447.2164061957,3708229.90464444,0.4898159509202454,0.4965644171779141,0.4997546012269939,0.5014723926380368,0.5096932515337423,0.003521263215669457,0.4994794387414201,3.0,45.0,49.0,51.0,67.0,11.457768661468746,45.87128712871287,5528497.082172915,2351.2756287115544,-0.15431945134929825,1011.7102282272717,51,"subtract(ARG183, division(subtract(add(subtract(subtract(division(subtract(subtract(subtract(ARG228, ARG183), ARG183), ARG183), subtract(ARG23, ARG289)), ARG183), subtract(ARG228, ARG289)), division(subtract(subtract(subtract(subtract(subtract(ARG230, ARG183), ARG183), subtract(ARG183, ARG289)), ARG183), division(subtract(subtract(subtract(ARG289, ARG183), ARG183), ARG228), subtract(ARG23, ARG289))), ARG230)), subtract(ARG183, ARG289)), ARG228))"
225,3.2916854269969917,5147402.692546759,5172446.966156562,5201021.073958711,5354651.593912158,118013437.37363708,16376307.781863453,8191377.519834674,3452030.1432295498,3452109.778586522,3460927.829641609,3569329.7747011892,79076668.14068422,10946517.131380962,5466150.223273741,0.49098159509202455,0.4970552147239264,0.4995092024539877,0.5022085889570552,0.5092638036809816,0.0038641287908087385,0.4995328919395008,5.0,47.0,51.0,51.0,59.0,9.611857526885496,46.64356435643565,5526764.833854084,2350.907236335386,-0.15395776753192925,1013.2331672807422,51,"subtract(ARG183, division(subtract(add(subtract(subtract(division(subtract(subtract(subtract(ARG289, ARG183), ARG183), ARG183), subtract(ARG23, ARG289)), ARG183), subtract(ARG228, ARG289)), division(subtract(subtract(subtract(subtract(subtract(multiply(ARG534, ARG342), ARG183), ARG183), ARG183), ARG183), division(subtract(subtract(subtract(ARG289, ARG183), ARG183), ARG228), subtract(ARG23, ARG289))), ARG230)), subtract(ARG183, ARG289)), ARG228))"
226,3.2808216100020218,5151599.081927046,5178165.18537968,5199235.43059634,5477291.5774051575,9330028.89516986,620311.1027529989,5443198.544850342,3452030.1432295498,3452110.1235864535,3468329.4206369575,3644085.071383972,6225621.049257766,413303.32388546504,3630519.1407351024,0.4906748466257669,0.496319018404908,0.49895705521472394,0.5017177914110429,0.5128834355828221,0.00404625397050763,0.49927412986697434,3.0,47.0,51.0,51.0,59.0,11.385673688312506,45.99009900990099,5527834.768839105,2351.134783214077,-0.15418116400777637,1011.9281043139085,49,"subtract(ARG183, division(subtract(add(subtract(subtract(division(subtract(subtract(subtract(ARG289, ARG183), ARG183), ARG183), subtract(ARG23, ARG289)), ARG183), subtract(ARG230, ARG289)), division(subtract(subtract(subtract(subtract(subtract(ARG230, ARG183), ARG183), ARG183), ARG183), division(subtract(subtract(subtract(ARG289, ARG289), ARG183), ARG183), subtract(ARG23, ARG289))), ARG230)), subtract(ARG183, ARG289)), ARG228))"
227,3.2811719640012598,5153732.712164169,5184518.762294257,5206606.244194422,5344794.631401391,8062827155.771477,797738342.3060949,85486413.94389157,3452030.1432295498,3452110.1235864535,3468103.178280552,3564864.3104081606,5352451031.973409,529571576.74859494,56763833.77945409,0.4896932515337423,0.4977300613496933,0.5004907975460122,0.503680981595092,0.5134969325153375,0.004151076727994189,0.5007507744639493,3.0,47.0,51.0,51.0,73.0,11.76134275554415,46.504950495049506,5527834.768839105,2351.134783214077,-0.15418116400777637,1011.9281043139085,49,"subtract(ARG183, division(subtract(add(subtract(subtract(division(subtract(subtract(subtract(ARG289, ARG183), ARG183), ARG183), subtract(ARG23, ARG289)), ARG183), subtract(ARG230, ARG289)), division(subtract(subtract(subtract(subtract(subtract(ARG230, ARG183), ARG183), ARG183), ARG183), division(subtract(subtract(subtract(ARG289, ARG289), ARG183), ARG183), subtract(ARG23, ARG289))), ARG230)), subtract(ARG183, ARG289)), ARG228))"
228,3.2350499060012226,5148461.61101879,5178188.426870281,5201459.993653789,5367437.942845797,18309841.513251163,1694342.3426140838,5638335.425774425,3452030.1432295498,3452074.2188237878,3467878.601299055,3578568.8928670203,12247134.337313551,1130725.9177480624,3759567.204753196,0.49141104294478527,0.4966717791411043,0.4995705521472393,0.5021625766871165,0.5080981595092025,0.003986281001468104,0.4997361963190184,3.0,45.0,51.0,51.0,63.0,12.118019640188738,45.44,5527834.768839105,2351.134783214077,-0.15418116400777637,1011.9281043139085,49,"subtract(ARG183, division(subtract(add(subtract(subtract(division(subtract(subtract(subtract(ARG289, ARG183), ARG183), ARG183), subtract(ARG23, ARG289)), ARG183), subtract(ARG230, ARG289)), division(subtract(subtract(subtract(subtract(subtract(ARG230, ARG183), ARG183), ARG183), ARG183), division(subtract(subtract(subtract(ARG289, ARG289), ARG183), ARG183), subtract(ARG23, ARG289))), ARG230)), subtract(ARG183, ARG289)), ARG228))"
229,3.242782168999838,5149570.829572604,5180776.4799775295,5195881.14571271,5416248.483725671,9320480.396628054,575691.2929490446,5413021.321314931,3452030.1432295498,3452074.2188237878,3460922.216066113,3614280.4148132307,6225621.049257766,383657.9942255919,3608000.1068221373,0.49171779141104294,0.4977300613496933,0.5008588957055214,0.502638036809816,0.5149079754601227,0.003964624851914444,0.5002815950920245,3.0,47.0,51.0,51.0,61.0,12.08931759860746,45.78,5527957.2948345505,2351.160839847957,-0.15420674675435952,1012.0793688467722,49,"subtract(ARG183, division(subtract(add(subtract(subtract(division(subtract(subtract(subtract(ARG289, ARG183), ARG183), ARG183), subtract(ARG23, ARG289)), ARG183), subtract(ARG228, ARG289)), division(subtract(subtract(subtract(subtract(subtract(ARG614, ARG183), ARG183), ARG183), ARG183), division(subtract(subtract(subtract(ARG289, ARG183), ARG183), ARG228), subtract(ARG23, ARG289))), ARG230)), subtract(ARG183, ARG289)), ARG228))"
230,3.241936024998722,5152273.717518104,5178082.535023077,5192857.040083503,5299172.238908449,14427462.28743765,1304922.518814653,5497387.026319339,3452030.1432295498,3452074.2188237878,3452131.6901528593,3538027.517651003,9639202.987467052,870909.3565229817,3664367.488560834,0.4925153374233129,0.4978834355828221,0.5000920245398772,0.5027300613496932,0.5095092024539878,0.003454623997449615,0.5002828220858896,5.0,47.0,51.0,51.0,63.0,10.418905892654948,46.92,5528774.575727648,2351.334637121575,-0.15437739046061405,1012.4289502705078,53,"subtract(ARG183, division(subtract(add(subtract(subtract(division(subtract(subtract(subtract(ARG282, ARG183), ARG183), ARG183), subtract(ARG23, ARG289)), ARG183), subtract(ARG228, ARG289)), division(subtract(subtract(subtract(subtract(subtract(ARG230, ARG183), subtract(ARG183, ARG289)), ARG183), ARG183), division(subtract(subtract(subtract(ARG289, ARG183), ARG183), subtract(ARG289, ARG549)), subtract(ARG23, ARG289))), ARG230)), subtract(ARG183, ARG289)), ARG228))"
231,3.248497121003311,5146779.499387538,5173159.4933732245,5195348.030510449,5386561.303031912,11011980.453200808,706282.2616464645,5417863.801662594,3452030.1432295498,3452074.2188237878,3464419.2725442145,3593354.6523896363,7348533.586636092,469930.60961872095,3613219.868249012,0.4904294478527607,0.49654907975460116,0.4993251533742331,0.5014723926380368,0.5111042944785276,0.004017032501087765,0.4994110429447852,5.0,47.0,51.0,51.0,61.0,10.506455158615584,46.88,5527640.51591236,2351.0934723894666,-0.1541406050767522,1014.4219154300122,51,"subtract(ARG183, division(subtract(add(subtract(subtract(division(subtract(subtract(subtract(subtract(ARG165, ARG203), ARG183), ARG183), ARG183), subtract(ARG23, ARG289)), ARG183), subtract(ARG228, ARG289)), division(subtract(subtract(subtract(subtract(subtract(ARG230, ARG183), ARG183), ARG183), ARG183), division(subtract(subtract(subtract(ARG289, ARG289), ARG183), ARG183), subtract(ARG23, ARG289))), ARG230)), subtract(ARG183, ARG289)), ARG228))"
232,3.3123358159973577,5135863.015057843,5176891.193011423,5194630.456399378,5317419.195548302,14219764.917284593,921428.2188743139,5382616.662336985,3452030.1432295498,3452074.2188237878,3452176.785041691,3543330.0537922373,9479843.278189728,613847.1358245694,3588304.771474804,0.48773006134969327,0.4974846625766871,0.49987730061349694,0.5030061349693251,0.5115950920245399,0.0040207301601017644,0.5000212597946911,5.0,49.0,51.0,51.0,61.0,9.029746395587784,48.64356435643565,5527640.51591236,2351.0934723894666,-0.1541406050767522,1014.4219154300122,51,"subtract(ARG183, division(subtract(add(subtract(subtract(division(subtract(subtract(subtract(subtract(ARG165, ARG203), ARG183), ARG183), ARG183), subtract(ARG23, ARG289)), ARG183), subtract(ARG228, ARG289)), division(subtract(subtract(subtract(subtract(subtract(ARG230, ARG183), ARG183), ARG183), ARG183), division(subtract(subtract(subtract(ARG289, ARG289), ARG183), ARG183), subtract(ARG23, ARG289))), ARG230)), subtract(ARG183, ARG289)), ARG228))"
233,3.299057088999689,5141049.181714567,5174735.013086788,5186421.552350545,5324253.338069793,20756694.171904694,1555343.4859897133,5466303.5239239065,3452030.1432295498,3452082.373467899,3452147.0987811484,3553717.268356645,13773015.062163506,1030257.4243885201,3646368.536167065,0.4883435582822086,0.49625766871165644,0.499079754601227,0.5015337423312883,0.5074846625766871,0.0037623172012437793,0.4988762679948975,5.0,49.0,51.0,51.0,61.0,8.06862051384082,48.92079207920792,5527640.51591236,2351.0934723894666,-0.1541406050767522,1014.4219154300122,51,"subtract(ARG183, division(subtract(add(subtract(subtract(division(subtract(subtract(subtract(subtract(ARG165, ARG203), ARG183), ARG183), ARG183), subtract(ARG23, ARG289)), ARG183), subtract(ARG228, ARG289)), division(subtract(subtract(subtract(subtract(subtract(ARG230, ARG183), ARG183), ARG183), ARG183), division(subtract(subtract(subtract(ARG289, ARG289), ARG183), ARG183), subtract(ARG23, ARG289))), ARG230)), subtract(ARG183, ARG289)), ARG228))"
234,3.269315428999107,5133213.185021532,5177264.655520443,5190657.267612377,5251567.84557979,39429600.38481229,3642247.241764695,5820533.640218661,3452025.0413111746,3452082.373467899,3452110.1235864535,3507507.58022471,26255259.04948896,2425304.8763607163,3881002.991431974,0.4869938650306748,0.497239263803681,0.49987730061349694,0.5025153374233129,0.5085889570552147,0.004050450096511117,0.49962947214966885,3.0,49.0,51.0,51.0,59.0,11.763442962597342,46.722772277227726,5527640.51591236,2351.0934723894666,-0.1541406050767522,1014.4219154300122,51,"subtract(ARG183, division(subtract(add(subtract(subtract(division(subtract(subtract(subtract(subtract(ARG165, ARG203), ARG183), ARG183), ARG183), subtract(ARG23, ARG289)), ARG183), subtract(ARG228, ARG289)), division(subtract(subtract(subtract(subtract(subtract(ARG230, ARG183), ARG183), ARG183), ARG183), division(subtract(subtract(subtract(ARG289, ARG289), ARG183), ARG183), subtract(ARG23, ARG289))), ARG230)), subtract(ARG183, ARG289)), ARG228))"
235,3.3732384819995787,5145863.224000032,5177964.199924128,5193837.341768969,5385304.2630491555,119196199.23365933,11453236.089346172,6682683.705597234,3452035.9927237025,3452082.373467899,3460902.765357582,3610755.357022494,79486889.80520587,7637862.947902903,4457115.900049939,0.4906748466257669,0.49644171779141105,0.49938650306748467,0.5026993865030674,0.5079754601226993,0.004002927980202743,0.49932758306505504,3.0,49.0,51.0,51.0,69.0,10.505207115126886,47.23762376237624,5527640.51591236,2351.0934723894666,-0.1541406050767522,1014.4219154300122,51,"subtract(ARG183, division(subtract(add(subtract(subtract(division(subtract(subtract(subtract(subtract(ARG165, ARG203), ARG183), ARG183), ARG183), subtract(ARG23, ARG289)), ARG183), subtract(ARG228, ARG289)), division(subtract(subtract(subtract(subtract(subtract(ARG230, ARG183), ARG183), ARG183), ARG183), division(subtract(subtract(subtract(ARG289, ARG289), ARG183), ARG183), subtract(ARG23, ARG289))), ARG230)), subtract(ARG183, ARG289)), ARG228))"
236,3.2646643459993356,5151323.446974576,5178293.1213251995,5196337.000945299,5426735.3041162975,9289574.6567582,554680.2536132678,5430211.5725091975,3451993.813920715,3452082.373467899,3467633.95672755,3629532.771275138,6216185.676963695,369220.0203541376,3620704.170966947,0.48957055214723927,0.49699386503067483,0.5,0.502760736196319,0.5087116564417178,0.0040383766639151015,0.49973273400959733,3.0,45.0,51.0,51.0,59.0,13.186602356842291,45.415841584158414,5630905.042896284,2372.952810929093,-0.17570166414220756,881.8850936591916,53,"subtract(ARG183, division(subtract(add(subtract(subtract(division(subtract(subtract(subtract(ARG282, ARG183), ARG183), ARG183), subtract(ARG23, ARG289)), ARG183), subtract(ARG228, ARG289)), division(subtract(subtract(subtract(subtract(subtract(ARG230, ARG183), subtract(ARG183, ARG289)), ARG183), ARG230), division(subtract(subtract(subtract(ARG289, ARG183), ARG183), subtract(ARG289, ARG549)), subtract(ARG23, ARG289))), ARG230)), subtract(ARG183, ARG289)), ARG228))"
237,3.2469710469995334,5154573.484926343,5178485.007067079,5197397.644424966,5454873.882484989,11170915.159201434,835185.3086159682,5474608.579814062,3451993.813920715,3452082.373467899,3467633.95672755,3623872.773442066,7449409.52808507,554714.3428577692,3649394.059482761,0.4931288343558282,0.4975920245398773,0.49990797546012267,0.5027147239263803,0.5096319018404908,0.00371986902607529,0.5000687116564418,3.0,47.0,51.0,53.0,59.0,12.275813618656812,46.62,5528957.879185648,2351.373615397104,-0.15441566320344502,1010.7472568907137,51,"subtract(ARG183, division(subtract(add(subtract(subtract(division(subtract(subtract(subtract(ARG289, ARG183), ARG183), ARG183), subtract(ARG23, ARG289)), ARG183), subtract(ARG228, ARG289)), division(subtract(subtract(subtract(subtract(subtract(ARG230, ARG183), ARG183), subtract(ARG183, ARG289)), ARG183), division(subtract(subtract(subtract(ARG289, ARG183), ARG183), ARG23), subtract(ARG23, ARG289))), ARG230)), subtract(ARG183, ARG289)), ARG228))"
238,3.290404684998066,5154101.101999543,5182904.428342078,5208446.4186645765,5404119.804324322,32015625.495700806,2716727.603239214,5656122.402399487,3452035.9927237025,3452082.373467899,3467793.9565473837,3606434.0966422292,21336768.974565506,1809894.2165398432,3768509.2253101803,0.492760736196319,0.49883435582822083,0.5010429447852761,0.5032515337423313,0.51,0.0034370456519133836,0.500842495292474,5.0,47.0,51.0,51.0,61.0,11.334761400154461,46.603960396039604,5526960.873604512,2350.9489304543627,-0.15399869954180323,1012.1379149666891,49,"subtract(ARG183, division(subtract(add(subtract(subtract(division(subtract(subtract(subtract(ARG614, ARG183), ARG183), ARG183), subtract(ARG23, ARG289)), ARG183), subtract(ARG230, ARG289)), division(subtract(subtract(subtract(subtract(subtract(ARG230, ARG183), ARG183), ARG183), ARG183), division(subtract(subtract(subtract(ARG289, ARG289), ARG183), ARG183), subtract(ARG23, ARG289))), ARG230)), subtract(ARG183, ARG289)), ARG228))"
239,3.3067475149982783,5147959.216235326,5181088.538927526,5196956.729273347,5290643.595612716,247533011535.8211,24507651957.591747,2456494010.2205205,3452035.9927237025,3452082.373467899,3460925.098562729,3525942.047938804,164349820286.5126,16271881389.879896,1631007758.5381775,0.4885889570552147,0.4977300613496933,0.5003680981595092,0.5023312883435583,0.5080981595092025,0.0039088153738994725,0.4998560408188058,5.0,49.0,51.0,51.0,57.0,6.723464873406493,48.62376237623762,5526483.7847786015,2350.8474609762757,-0.15389908604765035,1013.9009046905344,51,"subtract(ARG183, division(subtract(add(subtract(subtract(division(subtract(subtract(subtract(ARG289, ARG183), ARG183), ARG183), subtract(ARG23, ARG289)), ARG183), subtract(ARG228, ARG289)), division(subtract(subtract(subtract(subtract(subtract(subtract(ARG607, ARG549), ARG183), ARG183), ARG183), ARG183), division(subtract(subtract(subtract(ARG289, ARG183), ARG183), ARG228), subtract(ARG23, ARG289))), ARG230)), subtract(ARG183, ARG289)), ARG228))"
240,3.2554953760009084,5140849.541936182,5175173.139864777,5190355.921271499,5262896.682807438,20576765.85883385,1706777.431130427,5531452.819234064,3452035.9927237025,3452082.373467899,3452110.1235864535,3506229.651155709,13800250.308549693,1145808.642146727,3689290.602293338,0.48920245398773005,0.49642638036809816,0.49920245398773005,0.5021779141104294,0.5093251533742331,0.004207129905019945,0.49961226993865027,3.0,49.0,51.0,51.0,61.0,9.051497113737595,48.52,5526764.833854084,2350.907236335386,-0.15395776753192925,1013.2331672807422,51,"subtract(ARG183, division(subtract(add(subtract(subtract(division(subtract(subtract(subtract(ARG289, ARG183), ARG183), ARG183), subtract(ARG23, ARG289)), ARG183), subtract(ARG228, ARG289)), division(subtract(subtract(subtract(subtract(subtract(multiply(ARG534, ARG342), ARG183), ARG183), ARG183), ARG183), division(subtract(subtract(subtract(ARG289, ARG183), ARG183), ARG228), subtract(ARG23, ARG289))), ARG230)), subtract(ARG183, ARG289)), ARG228))"
241,3.2743826119985897,5149308.745796416,5178758.912785922,5190236.981517375,5220916.221820756,9362875.730153674,497986.71155992104,5340400.216153908,3452035.9927237025,3452082.373467899,3452163.377818563,3478694.7195011284,6225621.049257766,330529.3209375951,3559657.595658429,0.49098159509202455,0.49785276073619633,0.5006748466257669,0.5028220858895706,0.5080981595092025,0.0035898011768701345,0.5002259612464314,3.0,49.0,51.0,51.0,57.0,11.746597410753488,46.722772277227726,5529972.421591017,2351.5893394874493,-0.15462749401665343,1010.5413548135866,53,"subtract(ARG183, division(subtract(add(subtract(subtract(division(subtract(subtract(subtract(ARG282, ARG183), ARG183), ARG183), subtract(ARG23, ARG289)), ARG183), subtract(ARG331, ARG289)), division(subtract(subtract(subtract(subtract(subtract(ARG230, ARG183), subtract(ARG183, ARG289)), ARG183), ARG183), division(subtract(subtract(subtract(ARG569, ARG183), ARG183), subtract(ARG289, ARG549)), subtract(ARG23, ARG289))), ARG230)), subtract(ARG183, ARG289)), ARG228))"
242,3.279718464000325,5155886.219759264,5179092.223384978,5192524.885440856,5254222.645314182,6873859.892057119,319094.17747546185,5309508.597401586,3449198.1714889505,3452082.373467899,3452092.666659959,3499125.3173568374,4571914.809667893,211592.60616019237,3537286.698722405,0.4905521472392638,0.499079754601227,0.5012269938650307,0.5034355828220859,0.5092638036809816,0.0035409395972945657,0.5009919212780173,3.0,47.0,51.0,51.0,61.0,10.386700189633398,47.277227722772274,5529972.421591017,2351.5893394874493,-0.15462749401665343,1010.5413548135866,53,"subtract(ARG183, division(subtract(add(subtract(subtract(division(subtract(subtract(subtract(ARG282, ARG183), ARG183), ARG183), subtract(ARG23, ARG289)), ARG183), subtract(ARG331, ARG289)), division(subtract(subtract(subtract(subtract(subtract(ARG230, ARG183), subtract(ARG183, ARG289)), ARG183), ARG183), division(subtract(subtract(subtract(ARG569, ARG183), ARG183), subtract(ARG289, ARG549)), subtract(ARG23, ARG289))), ARG230)), subtract(ARG183, ARG289)), ARG228))"
243,3.2707236759997613,5137213.104672137,5180820.749191766,5196741.196193974,5260734.529664071,11589701.201689752,685513.1805111417,5359266.243222398,3449198.1714889505,3452082.373467899,3452091.7428968777,3504599.327968712,7699385.7836461915,454550.7323611111,3571657.3206733097,0.488159509202454,0.4972699386503068,0.501042944785276,0.5034969325153374,0.5133742331288343,0.004581851844961886,0.5004447852760735,5.0,49.0,51.0,53.0,59.0,9.563493085687885,48.14,5529972.421591017,2351.5893394874493,-0.15462749401665343,1010.5413548135866,53,"subtract(ARG183, division(subtract(add(subtract(subtract(division(subtract(subtract(subtract(ARG282, ARG183), ARG183), ARG183), subtract(ARG23, ARG289)), ARG183), subtract(ARG331, ARG289)), division(subtract(subtract(subtract(subtract(subtract(ARG230, ARG183), subtract(ARG183, ARG289)), ARG183), ARG183), division(subtract(subtract(subtract(ARG569, ARG183), ARG183), subtract(ARG289, ARG549)), subtract(ARG23, ARG289))), ARG230)), subtract(ARG183, ARG289)), ARG228))"
244,3.291435540002567,5149708.284338858,5173554.373807203,5190884.777225401,5258656.729420743,19667290.29097089,1493872.625012841,5466675.416165742,3449198.1714889505,3452082.373467899,3452139.3096985817,3499875.4150733817,13099739.773734288,994248.5792990667,3643721.045261206,0.49098159509202455,0.4973006134969325,0.5003680981595092,0.5028220858895706,0.5117177914110429,0.004091215177978629,0.5002211018647879,3.0,49.0,51.0,53.0,63.0,10.312897142216377,47.613861386138616,5529972.421591017,2351.5893394874493,-0.15462749401665343,1010.5413548135866,53,"subtract(ARG183, division(subtract(add(subtract(subtract(division(subtract(subtract(subtract(ARG282, ARG183), ARG183), ARG183), subtract(ARG23, ARG289)), ARG183), subtract(ARG331, ARG289)), division(subtract(subtract(subtract(subtract(subtract(ARG230, ARG183), subtract(ARG183, ARG289)), ARG183), ARG183), division(subtract(subtract(subtract(ARG569, ARG183), ARG183), subtract(ARG289, ARG549)), subtract(ARG23, ARG289))), ARG230)), subtract(ARG183, ARG289)), ARG228))"
245,3.2914141950022895,5149308.745796416,5174178.277771908,5188500.9857417215,5306626.548079064,51621300.9468209,5139462.289779854,6001278.554359232,3449198.1714889505,3452082.373467899,3452091.7428968777,3534315.8236323856,34325753.90336477,3419080.491152464,4001258.461694422,0.4860122699386503,0.49762269938650305,0.49941717791411044,0.5022085889570552,0.5062576687116565,0.0035355685039348407,0.4995521472392637,5.0,47.0,51.0,53.0,77.0,9.374433316206373,48.4,5469226.662043401,2338.6377791448167,-0.14194411718013344,956.0117939416436,59,"subtract(ARG183, division(subtract(add(subtract(subtract(division(subtract(subtract(subtract(ARG282, ARG183), ARG183), add(subtract(-0.9388, ARG374), division(ARG447, ARG545))), subtract(ARG23, ARG289)), ARG183), subtract(ARG331, ARG289)), division(subtract(subtract(subtract(subtract(subtract(ARG230, ARG183), subtract(ARG183, ARG23)), ARG183), ARG183), division(subtract(subtract(subtract(ARG289, ARG183), ARG183), subtract(ARG289, ARG549)), subtract(ARG23, ARG289))), ARG230)), subtract(ARG183, ARG289)), ARG228))"
246,3.2630898880015593,5148038.043629978,5177050.961466228,5196904.4894435285,5484358.942345605,18639536.805563748,1359361.3334073438,5488683.952498359,3449198.1714889505,3452074.2188237878,3454795.2052896265,3656406.289971513,12485594.227446744,912100.5219975007,3659240.697251912,0.49098159509202455,0.49809815950920244,0.5,0.5026533742331288,0.5114110429447852,0.003767093926388281,0.5001404907975461,3.0,49.0,51.0,53.0,91.0,13.574976979722656,47.6,5527693.503600831,2351.104741095307,-0.15415166861148433,1014.4219154300122,51,"subtract(ARG183, division(subtract(add(subtract(subtract(division(subtract(subtract(subtract(subtract(ARG165, ARG203), ARG183), ARG183), ARG183), subtract(ARG23, ARG289)), ARG183), subtract(ARG228, ARG289)), division(subtract(subtract(subtract(subtract(subtract(ARG230, ARG183), ARG183), ARG183), ARG183), division(subtract(subtract(division(ARG146, ARG377), ARG183), ARG183), subtract(ARG23, ARG289))), ARG230)), subtract(ARG183, ARG289)), ARG228))"
247,3.329245302000345,5150114.6445735255,5179510.65297761,5196563.010695109,5242838.7554302765,58310380.45828706,5442722.078200382,5960114.097946327,3448943.1708887774,3452074.2188237878,3452164.3585316995,3500334.693131441,39038041.70822192,3646302.0118391765,3975108.1021044897,0.490920245398773,0.4973006134969325,0.5004907975460122,0.502638036809816,0.5126380368098159,0.0039441417027909235,0.500153070521776,3.0,51.0,51.0,53.0,91.0,9.85732947695338,50.68316831683168,5527693.503600831,2351.104741095307,-0.15415166861148433,1014.4219154300122,51,"subtract(ARG183, division(subtract(add(subtract(subtract(division(subtract(subtract(subtract(subtract(ARG165, ARG203), ARG183), ARG183), ARG183), subtract(ARG23, ARG289)), ARG183), subtract(ARG228, ARG289)), division(subtract(subtract(subtract(subtract(subtract(ARG230, ARG183), ARG183), ARG183), ARG183), division(subtract(subtract(division(ARG146, ARG377), ARG183), ARG183), subtract(ARG23, ARG289))), ARG230)), subtract(ARG183, ARG289)), ARG228))"
248,3.268162192998716,5153120.85229573,5176852.341020232,5201082.281945366,5504312.305430483,21734375564.30037,2161865025.486576,224401867.8783232,3448943.1708887774,3452074.2188237878,3464347.9298765985,3661415.5653416384,14499071854.71458,1442187409.8381448,149696823.0284157,0.49006134969325155,0.49737730061349694,0.49978527607361967,0.5033282208588957,0.5073006134969326,0.003746466386883276,0.5003791411042946,3.0,50.5,51.0,53.0,67.0,12.664912159190052,48.2,5529972.421591017,2351.5893394874493,-0.15462749401665343,1010.5413548135866,53,"subtract(ARG183, division(subtract(add(subtract(subtract(division(subtract(subtract(subtract(ARG282, ARG183), ARG183), ARG183), subtract(ARG23, ARG289)), ARG183), subtract(ARG331, ARG289)), division(subtract(subtract(subtract(subtract(subtract(ARG230, ARG183), subtract(ARG183, ARG289)), ARG183), ARG183), division(subtract(subtract(subtract(ARG569, ARG183), ARG183), subtract(ARG289, ARG549)), subtract(ARG23, ARG289))), ARG230)), subtract(ARG183, ARG289)), ARG228))"
249,3.263382466000621,5153530.035432373,5180806.407368755,5201618.148581475,5475408.497072131,35166565.31362008,2985425.408704858,5660309.26501055,3448943.1708887774,3452080.3348068707,3467854.365415804,3654998.387662185,23330823.990069084,1979114.2914385204,3771542.6415242935,0.49141104294478527,0.4977147239263804,0.5004294478527608,0.5030368098159509,0.5084049079754601,0.003807637908183483,0.5004349693251534,5.0,49.0,51.0,53.0,59.0,11.00727032465361,48.0,5529241.648406261,2351.4339557823564,-0.15447491263890267,1011.6178968492695,51,"subtract(ARG183, division(subtract(add(subtract(subtract(division(subtract(subtract(subtract(ARG282, ARG183), ARG183), ARG183), subtract(ARG23, ARG289)), ARG183), subtract(ARG228, ARG289)), division(subtract(subtract(subtract(subtract(subtract(ARG230, ARG183), ARG183), subtract(ARG183, ARG289)), ARG183), division(subtract(subtract(subtract(ARG289, ARG183), ARG183), ARG23), subtract(ARG23, ARG289))), ARG230)), subtract(ARG183, ARG289)), ARG228))"
250,3.294599256001675,5148038.043629978,5177929.727868812,5203281.599677499,5321578.367432573,14445746.808306761,946022.2240254832,5403402.758181088,3448943.1708887774,3452082.373467899,3467959.633267927,3546703.495488038,9601438.30433046,626961.1746366367,3601703.2136622043,0.49,0.49760736196319016,0.4999693251533742,0.5026226993865031,0.5123312883435582,0.004162761997945742,0.5001067484662576,29.0,51.0,51.0,53.0,63.0,5.132601679460427,50.58,5529241.648406261,2351.4339557823564,-0.15447491263890267,1011.6178968492695,51,"subtract(ARG183, division(subtract(add(subtract(subtract(division(subtract(subtract(subtract(ARG282, ARG183), ARG183), ARG183), subtract(ARG23, ARG289)), ARG183), subtract(ARG228, ARG289)), division(subtract(subtract(subtract(subtract(subtract(ARG230, ARG183), ARG183), subtract(ARG183, ARG289)), ARG183), division(subtract(subtract(subtract(ARG289, ARG183), ARG183), ARG23), subtract(ARG23, ARG289))), ARG230)), subtract(ARG183, ARG289)), ARG228))"
